2 0.352344 0.126852 0.052604 0.074074
0 0.494792 0.503704 0.077083 0.127778
0 0.429427 0.488889 0.063021 0.120370
0 0.391146 0.418056 0.058333 0.091667
0 0.357292 0.359259 0.057292 0.092593
0 0.335417 0.271296 0.052083 0.090741
0 0.295833 0.244444 0.048958 0.090741
0 0.237240 0.318519 0.060937 0.085185
0 0.218229 0.230556 0.083333 0.114815
0 0.087500 0.038426 0.103125 0.076852
0 0.646354 0.754630 0.078125 0.111111
0 0.633854 0.595370 0.085417 0.157407
0 0.561719 0.653241 0.081771 0.154630
0 0.503646 0.781019 0.070833 0.121296
0 0.363542 0.677778 0.072917 0.111111
0 0.179948 0.625926 0.098437 0.116667
0 0.056510 0.742130 0.113021 0.123148
2 0.439063 0.377315 0.056250 0.115741
2 0.363021 0.046759 0.097917 0.087963
2 0.675781 0.087037 0.082812 0.100000
2 0.803385 0.842130 0.104688 0.147222
2 0.247135 0.929630 0.111979 0.140741
2 0.551823 0.968056 0.073438 0.063889
1 0.598958 0.868519 0.062500 0.175926