0 0.946094 0.094444 0.063021 0.096296
0 0.847135 0.946296 0.072396 0.107407
0 0.621875 0.946296 0.064583 0.107407
0 0.561198 0.879167 0.044271 0.117593
0 0.502344 0.876389 0.076563 0.156481
0 0.531250 0.635648 0.059375 0.100926
0 0.604427 0.568056 0.070312 0.106481
0 0.608594 0.464815 0.057813 0.087037
0 0.744010 0.570370 0.056771 0.083333
0 0.778646 0.532407 0.053125 0.105556
0 0.724740 0.478704 0.053646 0.105556
0 0.825260 0.435648 0.044271 0.097222
2 0.740104 0.935648 0.084375 0.128704
2 0.559635 0.408796 0.079687 0.128704
2 0.158073 0.850000 0.059896 0.116667
3 0.094531 0.604167 0.041146 0.034259
3 0.226302 0.810648 0.030729 0.062037
3 0.147656 0.765278 0.017188 0.034259
3 0.409115 0.829630 0.017188 0.037037
3 0.334896 0.446759 0.021875 0.028704
0 0.725260 0.060648 0.056771 0.095370