2 0.232552 0.790278 0.070312 0.102778
0 0.638021 0.800463 0.095833 0.139815
0 0.577344 0.575926 0.097396 0.238889
0 0.599219 0.300000 0.113021 0.187037
0 0.478125 0.962963 0.073958 0.074074
0 0.101823 0.908333 0.105729 0.100000
0 0.089583 0.824537 0.141667 0.113889
0 0.015625 0.427778 0.031250 0.111111
0 0.151823 0.227315 0.105729 0.169444
0 0.029948 0.169907 0.059896 0.154630
2 0.869271 0.814352 0.060417 0.069444
1 0.475521 0.177315 0.164583 0.149074
1 0.307552 0.514815 0.116146 0.185185
2 0.025781 0.655556 0.051562 0.100000
2 0.515625 0.652315 0.072917 0.139815
2 0.486458 0.606944 0.048958 0.089815
2 0.441927 0.724537 0.091146 0.162037
2 0.351823 0.756481 0.078646 0.122222
2 0.330729 0.118056 0.054167 0.087963
2 0.961979 0.968981 0.076042 0.062037
2 0.959896 0.899537 0.080208 0.110185
2 0.940885 0.599537 0.118229 0.184259
2 0.777865 0.523611 0.120313 0.152778
2 0.605990 0.121296 0.105729 0.181481
2 0.174740 0.453241 0.127604 0.169444