0 0.066146 0.072222 0.132292 0.144444
0 0.067708 0.376389 0.135417 0.149074
2 0.035677 0.272222 0.071354 0.094444
2 0.296615 0.832870 0.093229 0.128704
2 0.116146 0.804167 0.090625 0.086111
2 0.179948 0.592593 0.071354 0.087037
2 0.352083 0.282870 0.086458 0.076852
2 0.248698 0.136111 0.088021 0.129630
2 0.330990 0.043519 0.078646 0.087037
2 0.330990 0.152315 0.094271 0.132407
2 0.416667 0.255093 0.054167 0.073148
0 0.679427 0.672222 0.044271 0.075926
0 0.652604 0.654630 0.037500 0.064815
0 0.683333 0.023611 0.036458 0.045370
0 0.654167 0.087963 0.032292 0.053704
0 0.693750 0.131944 0.022917 0.043519
0 0.745833 0.112963 0.020833 0.033333
0 0.743490 0.144907 0.017188 0.026852
2 0.666927 0.052315 0.023438 0.032407
2 0.730469 0.119907 0.022396 0.030556
2 0.729167 0.147685 0.021875 0.030556
2 0.759375 0.210185 0.017708 0.035185
0 0.781771 0.187037 0.025000 0.038889
0 0.726042 0.189352 0.012500 0.023148
2 0.785677 0.223148 0.024479 0.035185
2 0.872396 0.304630 0.031250 0.042593
0 0.821354 0.257407 0.017708 0.031481
0 0.845313 0.249074 0.021875 0.031481
0 0.830990 0.282870 0.021354 0.028704
0 0.818750 0.328241 0.020833 0.032407
0 0.756771 0.261574 0.021875 0.034259
0 0.730729 0.241204 0.031250 0.054630
0 0.794010 0.110648 0.015104 0.026852
2 0.889844 0.372685 0.024479 0.037963
2 0.913542 0.421296 0.022917 0.038889
2 0.943229 0.508796 0.025000 0.050926
2 0.994010 0.467130 0.011979 0.034259
2 0.987500 0.512037 0.025000 0.055556
2 0.960938 0.425000 0.040625 0.064815
0 0.918229 0.386111 0.030208 0.037037
0 0.969792 0.380556 0.034375 0.042593
0 0.750000 0.342593 0.043750 0.048148
2 0.776563 0.336111 0.026042 0.025926
2 0.739062 0.442593 0.038542 0.055556
0 0.677604 0.350000 0.034375 0.046296
0 0.941927 0.603241 0.050521 0.065741
0 0.889583 0.713426 0.052083 0.067593
2 0.845573 0.699074 0.048438 0.062963
2 0.648698 0.213889 0.026562 0.053704
2 0.608854 0.256944 0.028125 0.091667
0 0.632031 0.252315 0.035937 0.063889
0 0.582812 0.344444 0.050000 0.077778
0 0.669271 0.472222 0.047917 0.083333
0 0.650781 0.512037 0.033854 0.062963
0 0.778906 0.595370 0.060937 0.098148
2 0.727344 0.585648 0.054688 0.099074
2 0.691667 0.591204 0.052083 0.087963
2 0.721615 0.653241 0.034896 0.063889
2 0.597135 0.569444 0.027604 0.062963
2 0.620052 0.398148 0.029687 0.092593
2 0.586198 0.685648 0.055729 0.086111
2 0.497396 0.375926 0.063542 0.125926
0 0.661979 0.580093 0.038542 0.058333
0 0.639844 0.606944 0.042188 0.091667
0 0.551302 0.489352 0.077604 0.132407
0 0.446615 0.754167 0.076563 0.119444