0 0.298698 0.366204 0.034896 0.017593
3 0.302083 0.310185 0.021875 0.020370
3 0.367708 0.180093 0.014583 0.019444
3 0.347656 0.164815 0.015104 0.014815
3 0.364844 0.125463 0.017188 0.013889
3 0.345573 0.071296 0.018229 0.012963
3 0.330469 0.095833 0.009896 0.015741
3 0.309115 0.083333 0.013021 0.012963
3 0.259115 0.157407 0.011979 0.020370
3 0.259375 0.079167 0.010417 0.013889
0 0.223438 0.190741 0.017708 0.051852
0 0.214062 0.034722 0.033333 0.049074
0 0.204948 0.072685 0.015104 0.030556
0 0.165625 0.068981 0.014583 0.021296
0 0.057292 0.152778 0.057292 0.072222
0 0.045312 0.293056 0.033333 0.034259
0 0.128906 0.361111 0.034896 0.027778
0 0.131771 0.022685 0.021875 0.036111
0 0.153906 0.103704 0.022396 0.040741
0 0.154948 0.140278 0.019271 0.030556
0 0.183333 0.120370 0.029167 0.046296
0 0.196094 0.169907 0.022396 0.034259
0 0.203125 0.198611 0.020833 0.030556
0 0.213281 0.228241 0.025521 0.049074
0 0.243750 0.257870 0.032292 0.056481
0 0.181510 0.293056 0.025521 0.039815
0 0.126562 0.248148 0.026042 0.051852
0 0.079687 0.279167 0.042708 0.050926