2 0.727083 0.452315 0.067708 0.117593
2 0.671354 0.317593 0.050000 0.101852
2 0.789583 0.390741 0.048958 0.051852
2 0.489323 0.939352 0.048438 0.095370
2 0.451823 0.589815 0.054688 0.072222
2 0.224479 0.655093 0.077083 0.102778
0 0.683333 0.383796 0.040625 0.060185
0 0.925521 0.594444 0.148958 0.137037
0 0.965625 0.363889 0.068750 0.111111
0 0.925781 0.268981 0.106771 0.086111
0 0.731771 0.330093 0.052083 0.062037
0 0.654948 0.477315 0.057813 0.084259
0 0.619792 0.633333 0.063542 0.088889
0 0.578125 0.738426 0.075000 0.100926
0 0.463542 0.510648 0.079167 0.102778
0 0.174479 0.724537 0.082292 0.117593
0 0.248958 0.741667 0.116667 0.114815