2 0.925521 0.315278 0.037500 0.039815
0 0.874219 0.095833 0.019271 0.036111
0 0.820052 0.094907 0.022396 0.032407
2 0.800781 0.124537 0.025521 0.050926
2 0.822135 0.195833 0.020313 0.041667
0 0.815104 0.124074 0.019792 0.029630
0 0.848698 0.177315 0.021354 0.039815
0 0.908073 0.250000 0.025521 0.031481
0 0.883073 0.255093 0.024479 0.034259
0 0.857292 0.264815 0.015625 0.024074
0 0.889062 0.283796 0.022917 0.028704
0 0.868750 0.329167 0.021875 0.028704
0 0.843750 0.222222 0.016667 0.027778
0 0.816146 0.250463 0.025000 0.036111
0 0.794271 0.170833 0.017708 0.036111
0 0.767448 0.100463 0.023438 0.045370
0 0.732812 0.048148 0.035417 0.044444
2 0.747656 0.015741 0.026562 0.029630
2 0.714583 0.178241 0.027083 0.054630
2 0.752865 0.228704 0.033854 0.061111
2 0.674479 0.212037 0.017708 0.081481
0 0.794531 0.218519 0.041146 0.062963
0 0.967448 0.400926 0.029687 0.037037
2 0.963802 0.435648 0.024479 0.047222
2 0.938281 0.400000 0.026562 0.046296
0 0.808333 0.329630 0.045833 0.051852
2 0.789583 0.428704 0.036458 0.051852
0 0.732292 0.322222 0.037500 0.042593
2 0.978906 0.528241 0.030729 0.058333
0 0.696354 0.212037 0.035417 0.064815
0 0.653125 0.296296 0.047917 0.077778
2 0.678906 0.360185 0.023438 0.085185
2 0.654687 0.519444 0.027083 0.055556
0 0.972917 0.612037 0.054167 0.061111
0 0.909115 0.719444 0.055729 0.053704
2 0.872135 0.695370 0.050521 0.055556
2 0.757292 0.632870 0.033333 0.058333
2 0.732292 0.565741 0.047917 0.077778
2 0.770052 0.561574 0.059896 0.086111
0 0.818750 0.580093 0.069792 0.089815
0 0.701042 0.548148 0.034375 0.064815
0 0.690365 0.585185 0.045312 0.092593
0 0.714323 0.628241 0.049479 0.084259
0 0.697396 0.477315 0.034375 0.075000
0 0.716667 0.440741 0.048958 0.062963
2 0.636719 0.627315 0.049479 0.071296
0 0.618490 0.432870 0.082812 0.128704
0 0.618229 0.565741 0.078125 0.135185
0 0.569531 0.642593 0.070312 0.124074
0 0.192188 0.227315 0.158333 0.156481
2 0.353125 0.725463 0.086458 0.132407
2 0.203646 0.662500 0.072917 0.087963
2 0.279167 0.448611 0.066667 0.089815
2 0.567187 0.306019 0.068750 0.117593
2 0.310156 0.906481 0.067187 0.083333
2 0.052344 0.384722 0.063021 0.062037
2 0.173958 0.120833 0.090625 0.099074
2 0.360417 0.047685 0.090625 0.084259
2 0.438281 0.061574 0.078646 0.076852
2 0.514323 0.189352 0.048438 0.100926