0 0.492708 0.531481 0.027604 0.049074
0 0.538151 0.358333 0.024219 0.055556
0 0.499479 0.358333 0.027083 0.045370
0 0.556380 0.627778 0.028385 0.056481
0 0.616276 0.630324 0.028385 0.054167
0 0.525391 0.742824 0.038281 0.061574
0 0.613021 0.953704 0.043229 0.077778
0 0.230859 0.944444 0.047656 0.084259
0 0.359115 0.505787 0.033333 0.060648
0 0.416406 0.336343 0.027083 0.051389
0 0.437500 0.176157 0.027083 0.049537
0 0.418229 0.082407 0.029167 0.054630
0 0.331901 0.065509 0.036719 0.065278
0 0.126432 0.079861 0.036719 0.051389
0 0.058984 0.398843 0.052344 0.092130