0 0.695312 0.057870 0.119792 0.115741
0 0.538542 0.018056 0.061458 0.036111
0 0.576823 0.267593 0.096354 0.118519
0 0.590365 0.564815 0.095312 0.142593
0 0.566406 0.693981 0.090104 0.119444
0 0.648958 0.623611 0.073958 0.130556
0 0.699740 0.740278 0.096354 0.137963
0 0.693229 0.851389 0.105208 0.125000
0 0.707812 0.951389 0.100000 0.097222
0 0.439583 0.958333 0.089583 0.083333
2 0.286198 0.609259 0.161979 0.240741
2 0.388281 0.547685 0.046354 0.073148
2 0.535417 0.574074 0.047917 0.083333
2 0.627083 0.451852 0.031250 0.068519
2 0.890625 0.468056 0.187500 0.219444
2 0.811719 0.609259 0.081771 0.109259
2 0.827604 0.964352 0.061458 0.071296