2 0.182422 0.142824 0.010156 0.019907
0 0.009635 0.039583 0.013542 0.018981
0 0.096484 0.058565 0.017448 0.027315
0 0.116667 0.111343 0.010937 0.024537
0 0.066406 0.142593 0.013021 0.024074
0 0.035156 0.134954 0.017708 0.026389
2 0.105208 0.049537 0.012500 0.018519
2 0.073438 0.036806 0.012500 0.016204
2 0.076693 0.053241 0.012760 0.020370
2 0.022005 0.059028 0.012240 0.017130
2 0.061068 0.179630 0.012240 0.015741
2 0.156120 0.119213 0.015885 0.021759
2 0.142708 0.160880 0.013542 0.021759
1 0.129036 0.149537 0.017448 0.039815