0 0.960677 0.040278 0.078646 0.080556
0 0.940104 0.603704 0.070833 0.092593
0 0.808854 0.633333 0.083333 0.118519
0 0.676042 0.372222 0.106250 0.118519
0 0.147135 0.172685 0.070312 0.095370
0 0.042969 0.237037 0.085938 0.140741
0 0.518490 0.793056 0.065104 0.086111
0 0.363802 0.767130 0.104688 0.110185
2 0.317188 0.553704 0.130208 0.181481
2 0.252604 0.675463 0.118750 0.186111
2 0.182031 0.906944 0.121354 0.147222
2 0.969792 0.540278 0.060417 0.125000
2 0.976302 0.812500 0.047396 0.130556
2 0.972656 0.341204 0.054688 0.136111
2 0.625000 0.047685 0.070833 0.095370
2 0.606250 0.369444 0.078125 0.116667
2 0.437500 0.237963 0.064583 0.109259
2 0.261458 0.235185 0.089583 0.105556
2 0.217708 0.458796 0.094792 0.134259
2 0.135156 0.519907 0.117188 0.186111
2 0.094792 0.751389 0.138542 0.145370