2 0.328646 0.117130 0.053125 0.069444
2 0.376302 0.231944 0.047396 0.056481
0 0.391406 0.502315 0.067187 0.113889
0 0.330990 0.268981 0.030729 0.041667
0 0.233073 0.256019 0.036979 0.056481
0 0.363021 0.190278 0.055208 0.065741
0 0.436458 0.147685 0.038542 0.067593
0 0.689844 0.077778 0.047396 0.079630
0 0.958333 0.106481 0.083333 0.088889
0 0.652083 0.144907 0.058333 0.095370
0 0.763021 0.276389 0.071875 0.080556
0 0.792969 0.346296 0.073438 0.092593
0 0.877604 0.433333 0.084375 0.090741
0 0.975000 0.447222 0.050000 0.079630
0 0.971094 0.369444 0.042188 0.037037
0 0.545573 0.346296 0.059896 0.092593
0 0.588802 0.268056 0.057813 0.104630
0 0.610156 0.350000 0.066146 0.109259
0 0.638802 0.515741 0.053646 0.100000
0 0.552604 0.621759 0.073958 0.143519
2 0.220052 0.890741 0.103646 0.129630
2 0.402344 0.318519 0.072396 0.100000
2 0.491667 0.174537 0.045833 0.056481
2 0.358854 0.443519 0.058333 0.083333
2 0.403646 0.581019 0.081250 0.117593
2 0.598437 0.185185 0.037500 0.064815
2 0.454948 0.289815 0.053646 0.083333
2 0.500781 0.343056 0.058854 0.087963
2 0.460417 0.416667 0.073958 0.125926
2 0.714844 0.281019 0.068229 0.080556
2 0.726562 0.120833 0.047917 0.058333
2 0.838021 0.093981 0.080208 0.050926
2 0.980729 0.200000 0.038542 0.059259
2 0.971094 0.279630 0.057813 0.070370
2 0.652344 0.020370 0.055729 0.040741
2 0.129167 0.143519 0.086458 0.092593