0 0.530208 0.539352 0.048958 0.093519
0 0.712240 0.613889 0.073438 0.111111
0 0.582552 0.591204 0.063021 0.106481
0 0.470313 0.545833 0.054167 0.100926
0 0.301302 0.271759 0.077604 0.093519
0 0.258073 0.174537 0.076563 0.095370
0 0.115885 0.072222 0.119271 0.083333
0 0.047656 0.699074 0.095312 0.150000
0 0.832812 0.244907 0.055208 0.063889
0 0.904687 0.189815 0.037500 0.050000
0 0.944010 0.248148 0.024479 0.037037
0 0.882812 0.139352 0.028125 0.034259
2 0.228906 0.659259 0.102604 0.125926
2 0.282552 0.352315 0.084896 0.084259
2 0.417448 0.564815 0.070312 0.103704
2 0.596354 0.542593 0.061458 0.088889
2 0.659115 0.550000 0.059896 0.066667
2 0.811719 0.850000 0.080729 0.153704
2 0.894271 0.831019 0.111458 0.128704
2 0.969271 0.907870 0.061458 0.136111
2 0.861719 0.514815 0.071354 0.105556
2 0.821615 0.683796 0.065104 0.093519
2 0.952865 0.556481 0.078646 0.068519
2 0.962500 0.350000 0.067708 0.075926