2 0.388802 0.206944 0.050521 0.062037
2 0.341146 0.070833 0.059375 0.075000
2 0.138802 0.103241 0.089063 0.084259
2 0.202083 0.925926 0.107292 0.127778
2 0.406250 0.608796 0.090625 0.128704
2 0.360156 0.452315 0.064062 0.093519
2 0.641667 0.151852 0.047917 0.075926
2 0.776823 0.273611 0.080729 0.091667
2 0.519531 0.147685 0.059896 0.060185
2 0.806771 0.079167 0.057292 0.056481
2 0.473177 0.275926 0.059896 0.096296
2 0.411719 0.308333 0.072396 0.116667
2 0.471094 0.418981 0.079687 0.152778
2 0.523177 0.343519 0.078646 0.111111
0 0.245573 0.227315 0.038021 0.058333
0 0.343750 0.240278 0.036458 0.052778
0 0.379427 0.155556 0.051562 0.079630
0 0.456510 0.113426 0.042188 0.080556
0 0.709635 0.103704 0.068229 0.124074
0 0.849219 0.259259 0.084896 0.112963
0 0.875260 0.355093 0.095312 0.128704
0 0.960156 0.471759 0.079687 0.154630
0 0.395573 0.517130 0.061979 0.147222
0 0.563021 0.341667 0.057292 0.107407
0 0.620052 0.256944 0.068229 0.143519
0 0.638281 0.355093 0.072396 0.149074
0 0.671615 0.556481 0.057813 0.116667
0 0.558854 0.671759 0.069792 0.136111