1 0.088021 0.173843 0.018229 0.027315
0 0.145573 0.065972 0.012500 0.026389
0 0.183984 0.064120 0.007031 0.020833
2 0.183984 0.048148 0.007031 0.015741
2 0.125130 0.034491 0.011719 0.016204
2 0.113802 0.037269 0.008333 0.016204
2 0.122396 0.052546 0.009375 0.019907
0 0.139323 0.049769 0.012500 0.021759
0 0.107813 0.024306 0.009896 0.014352
0 0.094792 0.047917 0.012500 0.026389
0 0.008724 0.071528 0.017448 0.031019
0 0.037240 0.152778 0.021875 0.041667
0 0.056901 0.169676 0.020573 0.035648
0 0.108464 0.165972 0.017448 0.038426
0 0.130599 0.158796 0.025781 0.049074