2 0.079036 0.016667 0.012760 0.015741
2 0.118490 0.089583 0.016146 0.029167
2 0.079297 0.090741 0.016406 0.034259
0 0.011068 0.048148 0.022135 0.039815
0 0.083464 0.038426 0.013802 0.026852
0 0.097005 0.097454 0.017969 0.043981
3 0.118099 0.114583 0.010677 0.017130
0 0.144792 0.134722 0.037500 0.064815
0 0.170573 0.113194 0.033854 0.056944
0 0.154167 0.071528 0.014583 0.023611
0 0.141146 0.075694 0.018750 0.021759
1 0.156771 0.039815 0.015104 0.019444
1 0.155729 0.015972 0.013021 0.014352
0 0.182292 0.044676 0.010417 0.014352
0 0.173047 0.027778 0.011719 0.017593