0 0.042188 0.091204 0.014583 0.023148
0 0.070052 0.116898 0.016146 0.028241
0 0.093359 0.154167 0.015365 0.031481
0 0.031901 0.135880 0.013281 0.022685
0 0.008724 0.152083 0.016927 0.032870
0 0.015365 0.178935 0.019271 0.017130
0 0.045833 0.162500 0.017188 0.032407
0 0.039193 0.041204 0.013802 0.025000
0 0.056641 0.028472 0.012240 0.019907
0 0.039062 0.015509 0.013021 0.019907
0 0.056901 0.006713 0.010156 0.012500
0 0.083594 0.010185 0.009896 0.019444
2 0.031510 0.062500 0.013021 0.022222
2 0.052734 0.061806 0.011198 0.015278
2 0.088281 0.071528 0.008854 0.016204
2 0.074740 0.012731 0.008333 0.013426
2 0.053385 0.115741 0.013021 0.023148
1 0.122917 0.126157 0.029167 0.036574
3 0.087760 0.128472 0.005729 0.011574