2 0.013151 0.077546 0.018490 0.029167
2 0.085286 0.178704 0.028906 0.017593
2 0.147786 0.162500 0.015365 0.032407
2 0.157422 0.127315 0.017448 0.025926
2 0.150260 0.060417 0.018750 0.028241
2 0.073047 0.135880 0.012760 0.024537
2 0.062240 0.111343 0.016146 0.023611
2 0.135286 0.089352 0.019531 0.030556
2 0.123438 0.036343 0.015625 0.024537
2 0.083724 0.015972 0.015885 0.018981
2 0.055208 0.027315 0.015625 0.020370
0 0.114062 0.068056 0.011979 0.019444
0 0.183333 0.096065 0.008333 0.023611
0 0.161328 0.108796 0.010677 0.016667
0 0.134766 0.158333 0.016406 0.025000
0 0.080469 0.113426 0.015104 0.024074
0 0.008464 0.166667 0.016927 0.025000
0 0.071094 0.009028 0.015625 0.014352
3 0.057682 0.126620 0.005990 0.011574
3 0.099089 0.068981 0.007031 0.010185
3 0.130599 0.104630 0.005990 0.007407