2 0.544661 0.965046 0.025260 0.048611
2 0.600130 0.950231 0.033073 0.053241
2 0.670052 0.882639 0.053125 0.082870
3 0.830078 0.740046 0.045573 0.058796
3 0.362760 0.371296 0.028125 0.041667
3 0.489844 0.145833 0.023958 0.040741
0 0.357292 0.702778 0.050521 0.080556
0 0.364974 0.633102 0.041406 0.077315
0 0.433073 0.495833 0.044792 0.084259
0 0.463672 0.629167 0.045573 0.083333
0 0.398828 0.843287 0.049740 0.086574
1 0.325000 0.457870 0.028646 0.095370
1 0.464583 0.575231 0.047396 0.053241
1 0.459766 0.312269 0.022135 0.033796
1 0.503646 0.252546 0.039062 0.038426
1 0.416016 0.166435 0.035156 0.035648
1 0.481641 0.036343 0.024740 0.046759
1 0.441146 0.073611 0.019792 0.036111