3 0.529167 0.061574 0.022917 0.037037
1 0.458854 0.083333 0.033333 0.039815
1 0.530078 0.169907 0.032552 0.045370
1 0.483984 0.226157 0.021615 0.035648
0 0.080859 0.809954 0.054948 0.068056
0 0.242708 0.628472 0.047396 0.072685
0 0.274089 0.553472 0.035156 0.073611
0 0.301172 0.626852 0.037760 0.069444
0 0.359766 0.737500 0.046615 0.079630
0 0.366667 0.609028 0.034375 0.077315
0 0.375391 0.542593 0.035156 0.075000
0 0.440495 0.407870 0.044010 0.078704
1 0.348568 0.359259 0.029427 0.102778
1 0.469792 0.492130 0.057813 0.054630
3 0.774609 0.668750 0.042969 0.061574
2 0.589453 0.788194 0.059635 0.091204
3 0.389193 0.284491 0.026823 0.033796