1 0.434896 0.802315 0.022917 0.037037
3 0.375651 0.750694 0.019010 0.034722
3 0.382031 0.806250 0.020313 0.029167
0 0.331510 0.554861 0.020833 0.043981
0 0.307552 0.603472 0.022396 0.044907
0 0.299870 0.559722 0.021094 0.040741
0 0.314063 0.518519 0.019792 0.050000
0 0.302734 0.485880 0.019010 0.037500
0 0.299219 0.677315 0.020833 0.041667
0 0.348307 0.480787 0.022135 0.052315
0 0.360547 0.497917 0.024740 0.044907
0 0.354687 0.584028 0.019792 0.038426
0 0.348568 0.628704 0.022656 0.051852
0 0.327474 0.665741 0.019531 0.046296
0 0.361458 0.714120 0.022917 0.048611
0 0.384896 0.682639 0.020833 0.043056
0 0.375911 0.642824 0.027344 0.053241
0 0.385937 0.583333 0.026562 0.050926
0 0.418490 0.556944 0.026042 0.055556
0 0.426823 0.615972 0.020833 0.047685
0 0.420182 0.672222 0.024219 0.056481
0 0.450521 0.672222 0.028125 0.061111
1 0.451693 0.581713 0.027865 0.054167
0 0.480990 0.560417 0.028646 0.057870
0 0.540234 0.618981 0.038281 0.071296
0 0.502734 0.497454 0.022656 0.053241
0 0.485026 0.443056 0.035156 0.070370
0 0.521354 0.396991 0.036979 0.072685
0 0.530469 0.480787 0.028125 0.063426
0 0.580078 0.499769 0.035677 0.082870
0 0.597526 0.445370 0.034635 0.075000
0 0.684896 0.374074 0.044271 0.084259
1 0.614193 0.272222 0.040885 0.079630
1 0.838802 0.185880 0.030729 0.054167
1 0.772396 0.222222 0.022917 0.037037
1 0.791406 0.039815 0.046875 0.037037
1 0.690755 0.473148 0.054427 0.060185
2 0.395964 0.900463 0.051823 0.123148
2 0.473307 0.843519 0.068490 0.238889
2 0.616797 0.803009 0.021615 0.052315
2 0.687630 0.829861 0.054427 0.076389
2 0.582943 0.774769 0.022135 0.039352
3 0.888411 0.884491 0.048698 0.068056
3 0.669792 0.220602 0.028125 0.033796
2 0.407943 0.433102 0.033073 0.068981