0 0.356250 0.467593 0.023958 0.055556
0 0.341797 0.452546 0.022135 0.048611
2 0.400781 0.401620 0.034375 0.066204
3 0.656510 0.181481 0.028646 0.036111
1 0.776953 0.012500 0.043490 0.025000
1 0.822005 0.147454 0.033073 0.057870
1 0.758464 0.178472 0.023698 0.039352
1 0.603646 0.233102 0.044271 0.081944
1 0.674870 0.430324 0.051302 0.063426
3 0.833724 0.788194 0.043490 0.063426
0 0.296354 0.650926 0.022917 0.050926
0 0.318229 0.688889 0.029167 0.044444
0 0.360417 0.678472 0.023438 0.043981
0 0.325911 0.632176 0.026823 0.058796
0 0.344010 0.596528 0.023958 0.049537
0 0.305729 0.577546 0.028646 0.048611
0 0.295312 0.531713 0.022396 0.048611
0 0.326953 0.530787 0.022135 0.048611
0 0.347266 0.556944 0.025260 0.041667
0 0.310156 0.490278 0.022396 0.046296
0 0.297266 0.458333 0.019531 0.039815
0 0.381510 0.546528 0.028125 0.048611
0 0.371094 0.607639 0.029167 0.053241
0 0.383333 0.648843 0.025521 0.048611
0 0.417187 0.637269 0.026042 0.055093
0 0.441406 0.635185 0.022917 0.050926
0 0.419271 0.587963 0.023438 0.050926
0 0.414583 0.530093 0.028646 0.065741
1 0.446615 0.543056 0.028125 0.055556
0 0.473698 0.524306 0.029167 0.054167
0 0.525000 0.567361 0.040104 0.071759
0 0.476562 0.412500 0.041667 0.074074
0 0.494661 0.461343 0.019531 0.038426
0 0.519141 0.441204 0.028385 0.074074
0 0.510807 0.363194 0.035156 0.076389
0 0.568490 0.460185 0.035937 0.075000
0 0.587500 0.406713 0.033854 0.068981
0 0.670052 0.334491 0.045312 0.078241
3 0.377865 0.768519 0.022396 0.031481
3 0.373437 0.710648 0.015625 0.037037
2 0.381120 0.839815 0.054427 0.113889
2 0.453646 0.772685 0.066667 0.227778
2 0.654036 0.743981 0.045052 0.078704
2 0.586198 0.729630 0.026042 0.045370
2 0.551823 0.703241 0.017708 0.026852