3 0.374609 0.405787 0.029948 0.053241
0 0.448568 0.737037 0.048698 0.074074
2 0.610807 0.029167 0.044010 0.058333
1 0.409115 0.132639 0.029167 0.034722
1 0.449219 0.082870 0.028125 0.047222
1 0.384375 0.221991 0.039062 0.043981
1 0.484896 0.317361 0.039062 0.043981
1 0.439844 0.383102 0.023438 0.033796
3 0.929688 0.930324 0.055208 0.077315
3 0.463672 0.206713 0.027344 0.038426
3 0.331771 0.450926 0.029167 0.040741
1 0.471484 0.812269 0.073698 0.150463
1 0.294661 0.545602 0.027344 0.115278
1 0.455859 0.674537 0.057031 0.068519
0 0.345703 0.745139 0.040365 0.087500
0 0.419141 0.590972 0.046615 0.091204
2 0.076042 0.684259 0.036458 0.074074