2 0.465625 0.850000 0.023438 0.036111
2 0.507292 0.854630 0.034375 0.061111
3 0.588411 0.066667 0.021615 0.036111
3 0.444401 0.270370 0.029948 0.037037
2 0.587240 0.815509 0.057813 0.091204
0 0.325651 0.521296 0.035156 0.060185
0 0.348568 0.599306 0.035677 0.071759
0 0.326823 0.635648 0.026042 0.050000
0 0.292839 0.586806 0.035156 0.059722
1 0.401042 0.344213 0.031250 0.091204
1 0.507812 0.488194 0.052604 0.046759
0 0.406901 0.582639 0.033594 0.063426
0 0.416927 0.522685 0.034375 0.064815
0 0.485026 0.401620 0.044010 0.070833
3 0.777214 0.727546 0.045573 0.063426
0 0.101172 0.795370 0.028385 0.055556
1 0.539453 0.232407 0.019010 0.027778
1 0.585286 0.171759 0.032031 0.037037
1 0.523307 0.077083 0.033073 0.029167