2 0.450521 0.841435 0.022917 0.043981
2 0.495312 0.843056 0.037500 0.070370
3 0.408594 0.274769 0.028125 0.034722
2 0.579427 0.792130 0.056250 0.080556
3 0.767188 0.684259 0.047396 0.062037
1 0.364063 0.354167 0.030729 0.103704
0 0.454427 0.399769 0.044792 0.078241
0 0.388542 0.532176 0.033333 0.063426
0 0.377865 0.598843 0.039062 0.070833
0 0.364974 0.731250 0.032552 0.062500
0 0.290104 0.535185 0.039062 0.066667
0 0.319141 0.612037 0.035156 0.069444
0 0.260156 0.607407 0.042188 0.062037
0 0.097917 0.781713 0.041667 0.068981
0 0.053516 0.850000 0.032552 0.054630
1 0.477865 0.483102 0.052083 0.043056
1 0.500781 0.224306 0.020313 0.030093
1 0.549479 0.164815 0.031250 0.039815
1 0.480208 0.079398 0.031771 0.040278
3 0.547266 0.055324 0.024219 0.043056