3 0.388281 0.589120 0.036458 0.064352
3 0.374349 0.566667 0.034635 0.070370
2 0.764323 0.018981 0.077604 0.037963
0 0.478516 0.889583 0.063281 0.129167
1 0.542057 0.974537 0.052344 0.050926
1 0.868099 0.555787 0.054427 0.081019
1 0.532682 0.483565 0.054427 0.064352
1 0.477995 0.575694 0.029948 0.043056
1 0.381771 0.344444 0.047917 0.051852
1 0.401432 0.235417 0.029427 0.043056
1 0.457161 0.179167 0.029948 0.056481
2 0.659245 0.115046 0.059635 0.081944
3 0.482943 0.324306 0.032552 0.053241
3 0.337240 0.656713 0.037500 0.064352
3 0.732031 0.040972 0.023438 0.037500