2 0.504687 0.900463 0.030729 0.040741
2 0.554427 0.890278 0.039583 0.070370
1 0.482943 0.275463 0.022135 0.033333
1 0.528125 0.211343 0.031250 0.047685
1 0.449089 0.132176 0.033073 0.040278
2 0.638151 0.826389 0.056510 0.075926
3 0.813932 0.693981 0.048177 0.061111
3 0.389193 0.332407 0.030469 0.041667
1 0.479167 0.535880 0.056771 0.054167
1 0.348047 0.413657 0.027865 0.106019
0 0.448828 0.454167 0.042969 0.079630
0 0.381120 0.585185 0.036198 0.081481
0 0.372396 0.661343 0.044792 0.082870
0 0.382161 0.797222 0.048698 0.088889
0 0.315365 0.678472 0.036458 0.062500
0 0.279167 0.604398 0.040104 0.072685
3 0.522005 0.106944 0.024219 0.047222