3 0.836589 0.028704 0.046615 0.057407
1 0.190495 0.519676 0.026823 0.063426
3 0.548438 0.456713 0.044792 0.061574
3 0.387891 0.909028 0.046094 0.087500
3 0.426563 0.771991 0.044792 0.086574
3 0.442057 0.815972 0.051302 0.096759
2 0.958724 0.021065 0.060156 0.042130
2 0.908203 0.046296 0.097135 0.092593
2 0.765365 0.201389 0.074479 0.099074
1 0.566276 0.792130 0.054427 0.089815
1 0.640755 0.686111 0.079427 0.088889
1 0.414714 0.461806 0.070052 0.059722
1 0.433724 0.330556 0.034635 0.050000
1 0.499740 0.259954 0.033854 0.076389
3 0.858464 0.107407 0.033594 0.053704
1 0.123958 0.632176 0.020313 0.086574