1 0.802604 0.959491 0.093750 0.081019
3 0.071094 0.830556 0.064062 0.104630
0 0.972396 0.137731 0.055208 0.193981
0 0.904036 0.128472 0.097656 0.173611
0 0.805599 0.126852 0.111198 0.156481
1 0.787500 0.096528 0.172917 0.091204
0 0.682161 0.071528 0.100260 0.143056
0 0.633073 0.167824 0.096354 0.168981
0 0.719661 0.196296 0.086719 0.160185
0 0.685937 0.275463 0.074479 0.146296
0 0.637240 0.320602 0.067187 0.135648
0 0.634245 0.563889 0.078385 0.142593
0 0.587630 0.434954 0.089323 0.173611
0 0.546224 0.310417 0.094531 0.179167
3 0.547526 0.062731 0.057031 0.071759
3 0.137891 0.616667 0.048177 0.092593
2 0.019010 0.456250 0.038021 0.140278
2 0.305729 0.362037 0.067187 0.147222
2 0.358203 0.227315 0.095052 0.100000
1 0.623958 0.881713 0.117188 0.140278
1 0.718099 0.634259 0.110677 0.237963
0 0.750781 0.453704 0.069792 0.131481
0 0.823047 0.466898 0.073698 0.130093
0 0.953516 0.431019 0.070573 0.147222
1 0.825651 0.527083 0.121615 0.174537
1 0.401432 0.682639 0.096615 0.068056
3 0.950391 0.872454 0.099219 0.163426