1 0.960807 0.519213 0.078385 0.154167
3 0.674609 0.392361 0.065885 0.095833
3 0.708854 0.570139 0.050521 0.056944
3 0.784896 0.425231 0.040104 0.034722
2 0.389844 0.779398 0.093750 0.220833
2 0.459115 0.609259 0.102083 0.137037
0 0.733984 0.799537 0.126823 0.212963
0 0.783984 0.938889 0.113281 0.122222
0 0.850651 0.828241 0.100781 0.199074
0 0.951693 0.844907 0.096615 0.181481
0 0.947917 0.692361 0.104167 0.220833
0 0.838802 0.596528 0.110417 0.212500
0 0.885547 0.456713 0.120052 0.189352
0 0.967839 0.354167 0.064323 0.204630