0 0.868750 0.195370 0.039062 0.065741
0 0.850521 0.139583 0.042188 0.064352
3 0.849089 0.838426 0.056510 0.084259
2 0.812370 0.753704 0.084635 0.150926
2 0.457813 0.686111 0.102083 0.185185
2 0.729427 0.344444 0.094271 0.084259
2 0.435937 0.299537 0.045312 0.084259
2 0.313672 0.472685 0.033073 0.079630
2 0.385026 0.434954 0.038802 0.072685
2 0.423438 0.448611 0.055208 0.070370
2 0.369792 0.542130 0.058854 0.087963
2 0.442708 0.360417 0.031771 0.054167
2 0.271484 0.600000 0.045573 0.079630
1 0.245052 0.572454 0.028646 0.049537
3 0.543359 0.372917 0.034635 0.040278
3 0.697266 0.128704 0.029948 0.037963
3 0.814323 0.367824 0.052604 0.048611