0 0.419401 0.015509 0.040885 0.031019
0 0.376042 0.047454 0.055729 0.094907
0 0.855859 0.824769 0.105990 0.175463
0 0.777474 0.911343 0.092448 0.177315
0 0.681641 0.871759 0.108594 0.200926
0 0.934896 0.815509 0.088542 0.168981
0 0.977214 0.785648 0.045573 0.185185
0 0.702995 0.720370 0.098177 0.175926
0 0.772656 0.587963 0.099479 0.172222
0 0.955599 0.384954 0.088802 0.129167
1 0.827214 0.762269 0.162240 0.121759
1 0.490755 0.140278 0.042969 0.157407
3 0.523438 0.680324 0.061458 0.111574
3 0.579557 0.865972 0.046094 0.056944
3 0.624349 0.699769 0.038802 0.044907
3 0.632682 0.093750 0.040365 0.048611