3 0.623047 0.022222 0.046615 0.044444
0 0.969141 0.284028 0.061719 0.144907
0 0.791016 0.503009 0.118490 0.179167
0 0.713672 0.657870 0.115885 0.209259
0 0.965625 0.741667 0.068750 0.213889
0 0.884245 0.756019 0.116406 0.189815
0 0.804297 0.871759 0.099740 0.200926
0 0.830729 0.977315 0.084375 0.045370
0 0.742969 0.968750 0.077604 0.062500
0 0.626823 0.983102 0.085417 0.033796
0 0.692708 0.825926 0.117708 0.210185
1 0.845443 0.703935 0.167969 0.140278
1 0.472135 0.070370 0.045312 0.140741
3 0.623307 0.634491 0.043490 0.052315
3 0.575000 0.827083 0.047396 0.063426
3 0.508854 0.625694 0.069792 0.119907