1 0.956901 0.416435 0.086198 0.173611
0 0.938802 0.557639 0.122396 0.198611
0 0.940755 0.704398 0.118490 0.192130
0 0.832031 0.701389 0.098437 0.186111
0 0.825521 0.939583 0.096875 0.120833
0 0.972396 0.253704 0.055208 0.180556
0 0.879427 0.348843 0.120833 0.201389
0 0.829427 0.491667 0.126562 0.209259
0 0.709505 0.668750 0.124219 0.226389
3 0.680859 0.295602 0.070573 0.087500
2 0.465885 0.490972 0.111979 0.134722
2 0.398828 0.640741 0.091406 0.193519
2 0.049870 0.672917 0.069531 0.177315
0 0.772005 0.837269 0.103385 0.182870
3 0.706250 0.459028 0.044271 0.052315