0 0.985547 0.590972 0.028906 0.182870
0 0.608854 0.923380 0.126562 0.153241
0 0.722656 0.907407 0.098958 0.185185
0 0.815885 0.918750 0.109896 0.162500
0 0.779427 0.734259 0.110417 0.200926
0 0.665234 0.706019 0.119531 0.218519
0 0.686849 0.538657 0.104948 0.213426
0 0.763281 0.388426 0.117188 0.184259
0 0.957552 0.162037 0.084896 0.146296
0 0.860807 0.629861 0.108073 0.201389
0 0.951042 0.595370 0.077083 0.200926
1 0.459245 0.043981 0.032552 0.087963
3 0.489193 0.537037 0.062760 0.109259
3 0.550130 0.718519 0.051823 0.055556
3 0.600000 0.533565 0.039583 0.044907