3 0.961068 0.699769 0.040365 0.061574
3 0.942969 0.640741 0.042708 0.060185
3 0.791016 0.675231 0.040885 0.043981
3 0.842708 0.699769 0.031771 0.061574
3 0.887500 0.725000 0.042708 0.073148
3 0.376953 0.582407 0.033073 0.046296
3 0.563021 0.492593 0.027604 0.046296
3 0.527865 0.594676 0.029167 0.048611
2 0.144661 0.440046 0.052344 0.064352
2 0.366667 0.058333 0.042188 0.050926
2 0.494661 0.093519 0.038802 0.060185
2 0.650391 0.037500 0.046094 0.046296
2 0.722656 0.134954 0.036979 0.059722
2 0.710026 0.281713 0.046615 0.067130
2 0.770052 0.344907 0.045312 0.078704
2 0.722656 0.429167 0.047396 0.070370
2 0.764583 0.614815 0.042188 0.075000
2 0.853906 0.312037 0.040104 0.070370
2 0.989193 0.684722 0.021615 0.061111
3 0.753255 0.983102 0.049219 0.033796
3 0.740495 0.883796 0.049219 0.085185
3 0.862109 0.590741 0.035677 0.051852
1 0.623307 0.672222 0.067969 0.086111