0 0.687109 0.207870 0.105469 0.171296
0 0.732292 0.092361 0.106771 0.184722
0 0.837760 0.036574 0.095833 0.073148
0 0.964974 0.180093 0.070052 0.185185
0 0.874219 0.175694 0.121875 0.178241
1 0.860677 0.129398 0.177604 0.082870
3 0.157552 0.647685 0.047396 0.089815
3 0.354036 0.778935 0.042969 0.088426
3 0.585026 0.085648 0.059635 0.075926
2 0.026172 0.481713 0.052344 0.164352
2 0.332943 0.401620 0.073177 0.155093
2 0.388151 0.254167 0.100781 0.094444
1 0.425911 0.742824 0.086198 0.067130
1 0.774870 0.714120 0.113281 0.239352
1 0.887500 0.609722 0.130729 0.156481
0 0.813021 0.544444 0.064062 0.122222
0 0.894271 0.543750 0.077083 0.125463
1 0.679167 0.943519 0.128125 0.112963
0 0.686589 0.633333 0.084635 0.146296
0 0.636849 0.493981 0.115885 0.186111
0 0.587630 0.358796 0.112240 0.181481
0 0.686589 0.378241 0.078385 0.147222
0 0.740495 0.344907 0.089323 0.165741
0 0.776172 0.250231 0.094010 0.173611