3 0.716927 0.451157 0.042188 0.030093
3 0.651042 0.608565 0.051042 0.056019
3 0.607292 0.433102 0.069271 0.101389
0 0.916276 0.332639 0.129948 0.182870
0 0.806771 0.478472 0.112500 0.187500
0 0.766927 0.628009 0.117708 0.197685
2 0.347917 0.852083 0.092708 0.178241
2 0.404036 0.699074 0.105469 0.151852
0 0.749740 0.951620 0.110417 0.096759
0 0.687500 0.852315 0.126562 0.235185
0 0.806120 0.849306 0.105990 0.206944
0 0.923828 0.873611 0.124740 0.209259
0 0.890365 0.689583 0.118229 0.235648
0 0.969141 0.597222 0.061719 0.195370