0 0.835286 0.146296 0.029948 0.060185
0 0.827474 0.086806 0.029948 0.055093
3 0.773047 0.692361 0.043490 0.073611
2 0.746615 0.621296 0.064062 0.128704
2 0.443620 0.570833 0.086719 0.167593
2 0.701823 0.271528 0.080208 0.068981
2 0.377214 0.459954 0.048177 0.077315
2 0.429427 0.373611 0.047917 0.050926
2 0.392708 0.368750 0.033854 0.062500
2 0.448828 0.293287 0.033594 0.048611
1 0.351432 0.759491 0.054427 0.125463
3 0.203776 0.631713 0.027344 0.043981
3 0.310807 0.512269 0.029948 0.042130
2 0.324089 0.396991 0.026823 0.056944
3 0.690104 0.082407 0.029687 0.041667