1 0.887109 0.175000 0.178906 0.112963
0 0.716667 0.239352 0.109896 0.179630
0 0.804297 0.284954 0.108594 0.193056
0 0.777865 0.380324 0.099479 0.193056
0 0.716536 0.417824 0.090365 0.182870
0 0.612630 0.393056 0.113802 0.211111
0 0.662370 0.540972 0.124219 0.208796
1 0.916536 0.656713 0.130469 0.154167
0 0.925911 0.576389 0.082031 0.126852
0 0.851693 0.570833 0.069531 0.117593
2 0.032552 0.499769 0.065104 0.158796
2 0.348307 0.422222 0.076302 0.148148
2 0.410677 0.282870 0.109896 0.112963
1 0.809115 0.750926 0.118229 0.248148
1 0.450781 0.775694 0.099479 0.063426
0 0.709115 0.669907 0.079687 0.138889
0 0.912370 0.227315 0.111719 0.200926
0 0.980469 0.227315 0.039062 0.196296
0 0.763281 0.118750 0.118229 0.202315
0 0.874870 0.043981 0.109115 0.087963
3 0.169531 0.668981 0.050521 0.084259
3 0.605990 0.109259 0.055208 0.079630
3 0.370703 0.813889 0.051823 0.087963