0 0.038542 0.103472 0.008854 0.013426
0 0.053125 0.134491 0.005208 0.006019
2 0.048438 0.123380 0.004687 0.006944
2 0.063672 0.127546 0.003385 0.008796
2 0.119271 0.095139 0.006250 0.010648
0 0.060417 0.115046 0.005729 0.009722
0 0.067708 0.131019 0.007292 0.011111
0 0.087760 0.178935 0.006771 0.011574
0 0.095052 0.168750 0.007812 0.010648
0 0.129948 0.177546 0.013542 0.019907
2 0.078385 0.127546 0.005208 0.010648
2 0.057552 0.100463 0.005208 0.007407
2 0.077995 0.178009 0.006510 0.009722
2 0.114583 0.157639 0.013021 0.016204
2 0.143490 0.169676 0.015104 0.020833
2 0.083594 0.122685 0.005729 0.007407
2 0.092057 0.113657 0.008073 0.012500
2 0.092708 0.149537 0.010937 0.020370
2 0.170182 0.152546 0.030990 0.031944
0 0.123047 0.141898 0.012760 0.019907
0 0.110937 0.127315 0.007292 0.015741
0 0.103385 0.114815 0.006771 0.007407
0 0.105599 0.100463 0.012240 0.017593
0 0.079818 0.101389 0.009635 0.013889
0 0.091146 0.063426 0.012500 0.018519
2 0.081250 0.082407 0.008333 0.015741
2 0.096224 0.088194 0.011198 0.018056
2 0.138672 0.066898 0.015365 0.019907
2 0.114453 0.048380 0.012240 0.021759