3 0.982031 0.387500 0.035937 0.050926
3 0.835938 0.648611 0.040104 0.055556
3 0.755859 0.507870 0.032552 0.050926
2 0.452995 0.529630 0.038281 0.037037
3 0.048958 0.249074 0.036458 0.054630
3 0.695573 0.490509 0.074479 0.082870
3 0.830990 0.460648 0.088542 0.085185
3 0.913932 0.439583 0.071094 0.068056
3 0.771745 0.680324 0.087240 0.102315
3 0.929167 0.746991 0.096354 0.125463
3 0.476562 0.969907 0.049479 0.060185
3 0.392448 0.400463 0.052604 0.050000
3 0.533333 0.308796 0.046875 0.045370
2 0.949219 0.258796 0.101562 0.083333