0 0.073307 0.008796 0.004948 0.007407
0 0.077344 0.018750 0.005208 0.009722
0 0.071615 0.024074 0.005208 0.010185
0 0.032161 0.157639 0.020052 0.036574
0 0.184766 0.157407 0.005469 0.024074
0 0.176953 0.142593 0.014844 0.022222
0 0.162109 0.157176 0.019010 0.024537
1 0.147917 0.165741 0.014583 0.025926
2 0.141016 0.172685 0.018490 0.023148
2 0.108854 0.175463 0.013021 0.024074
0 0.099349 0.102546 0.013802 0.024537
0 0.099089 0.048611 0.011719 0.022222
0 0.093099 0.065278 0.014323 0.023148
0 0.069531 0.074769 0.010937 0.019907
0 0.016276 0.075231 0.013281 0.024537
0 0.013932 0.022454 0.008594 0.013426
2 0.060156 0.068287 0.009896 0.012500
1 0.107943 0.146991 0.015365 0.031944
1 0.123438 0.155093 0.011979 0.025000
1 0.176563 0.101620 0.020833 0.030093