0 0.003385 0.074769 0.006771 0.016204
0 0.017057 0.058796 0.008594 0.013889
0 0.063932 0.052778 0.007552 0.013889
0 0.064974 0.083333 0.008594 0.013889
0 0.082161 0.069676 0.008073 0.014352
0 0.094661 0.093287 0.009115 0.010648
0 0.092318 0.075231 0.007031 0.009722
0 0.101562 0.076157 0.006771 0.009722
0 0.113021 0.092130 0.007292 0.012037
0 0.136198 0.179398 0.008854 0.016204
0 0.154036 0.080556 0.009115 0.014815
0 0.157682 0.099537 0.008594 0.013889
2 0.024609 0.179630 0.016927 0.015741
0 0.085026 0.158102 0.014323 0.025463