3 0.976562 0.424537 0.046875 0.056481
3 0.886458 0.737500 0.085938 0.132407
3 0.811979 0.638889 0.037500 0.045370
3 0.758464 0.653241 0.071094 0.099074
3 0.899740 0.461806 0.059375 0.067130
3 0.823568 0.468287 0.081510 0.077315
3 0.750391 0.497454 0.026823 0.030093
3 0.697266 0.472685 0.064844 0.081481
3 0.486719 0.873380 0.058854 0.087500
3 0.086979 0.137269 0.037500 0.057870
3 0.472786 0.474306 0.037760 0.034722
3 0.418880 0.340046 0.051302 0.053241
3 0.552995 0.270833 0.046094 0.040741
2 0.951693 0.293287 0.096615 0.081019