3 0.976562 0.391204 0.046875 0.056481
3 0.814844 0.615046 0.036979 0.043056
3 0.748698 0.484722 0.028646 0.035185
3 0.072786 0.164120 0.035156 0.063426
3 0.407943 0.342593 0.051302 0.046296
3 0.464714 0.472222 0.035677 0.035185
3 0.479167 0.876389 0.060937 0.090741
3 0.759115 0.637731 0.071354 0.100463
3 0.891667 0.714120 0.082292 0.121759
3 0.692448 0.456019 0.066667 0.080556
3 0.823307 0.444676 0.086198 0.076389
3 0.898177 0.432639 0.064062 0.063426
3 0.545573 0.266435 0.046875 0.043056
2 0.949479 0.264583 0.101042 0.082870