2 0.009505 0.141898 0.019010 0.021759
2 0.064714 0.131250 0.012240 0.017130
0 0.163672 0.184259 0.026302 0.006481
0 0.090885 0.164583 0.009896 0.016204
0 0.103516 0.141898 0.011198 0.017130
0 0.119401 0.102315 0.011719 0.017593
2 0.136328 0.112037 0.019010 0.033333
2 0.156250 0.110648 0.016146 0.021296
0 0.149609 0.062731 0.016927 0.022685
0 0.134766 0.067361 0.011198 0.016204
0 0.148828 0.024537 0.010156 0.020370
2 0.134375 0.046759 0.014063 0.028704
3 0.097526 0.032407 0.005990 0.011111
3 0.117839 0.018056 0.008073 0.011111