3 0.969792 0.518056 0.060417 0.066667
2 0.931120 0.394213 0.089844 0.087500
3 0.892578 0.562731 0.051823 0.064352
3 0.826172 0.578241 0.073698 0.079630
3 0.757552 0.615972 0.023958 0.029167
3 0.710156 0.603472 0.055729 0.058796
3 0.892578 0.848843 0.076302 0.120833
3 0.824219 0.756713 0.031250 0.039352
3 0.771745 0.779630 0.067969 0.094444
3 0.496875 0.609259 0.033333 0.036111
3 0.100260 0.271991 0.034375 0.054167
3 0.433724 0.464120 0.046094 0.053241
3 0.555990 0.391435 0.036458 0.043056
2 0.533984 0.988889 0.035156 0.022222