3 0.498828 0.359954 0.028906 0.052315
3 0.619271 0.400000 0.042708 0.067593
2 0.042839 0.625000 0.085156 0.135185
3 0.035417 0.547685 0.042708 0.057407
3 0.087240 0.481019 0.034375 0.058333
3 0.251563 0.478241 0.040625 0.043519
3 0.339974 0.403472 0.037240 0.077315
3 0.489453 0.344676 0.059635 0.068981
3 0.489714 0.428935 0.079948 0.106944
3 0.559766 0.026620 0.049219 0.053241
3 0.551953 0.118750 0.028385 0.066204
3 0.540234 0.101852 0.025781 0.058333
3 0.593359 0.174537 0.060156 0.066667
3 0.651042 0.173843 0.079167 0.120833
3 0.967578 0.230093 0.064844 0.122222
3 0.328255 0.196296 0.029427 0.052778
3 0.297266 0.353472 0.033073 0.063426