2 0.135156 0.650463 0.106771 0.137037
3 0.308984 0.373148 0.044531 0.067593
3 0.252995 0.407870 0.031510 0.039815
3 0.595443 0.243519 0.039323 0.067593
3 0.626693 0.943287 0.113802 0.113426
3 0.650130 0.815046 0.061719 0.102315
3 0.688672 0.877546 0.047135 0.060648
3 0.942057 0.761806 0.115885 0.243981
3 0.482812 0.603241 0.066146 0.094444
3 0.478646 0.470139 0.045833 0.059722
3 0.375781 0.591435 0.040104 0.060648
2 0.196484 0.528704 0.126302 0.113889
2 0.706901 0.083333 0.073177 0.062963
3 0.913021 0.384954 0.070833 0.097685
3 0.924089 0.460880 0.070573 0.055093
3 0.969141 0.229398 0.061719 0.056019