2 0.048828 0.735648 0.097656 0.140741
3 0.383333 0.469444 0.044792 0.072222
3 0.477214 0.238657 0.039323 0.065278
3 0.773047 0.354630 0.059635 0.086111
3 0.754297 0.306019 0.057031 0.102778
3 0.824609 0.152778 0.088281 0.062963
2 0.574740 0.067824 0.058333 0.059722
2 0.094922 0.600926 0.134635 0.131481
3 0.203646 0.425463 0.042708 0.072222
3 0.144531 0.470139 0.040625 0.052315
3 0.288802 0.617824 0.030208 0.060648
3 0.394401 0.594676 0.056510 0.093056
3 0.828255 0.591204 0.177865 0.160185
3 0.556250 0.748611 0.068229 0.122222
3 0.524870 0.909259 0.139844 0.181481
3 0.906510 0.729398 0.186979 0.283796
3 0.583854 0.784491 0.042708 0.064352