2 0.394401 0.042130 0.047135 0.068519
3 0.308594 0.208102 0.033854 0.068981
3 0.609505 0.059028 0.064844 0.065278
3 0.577083 0.233333 0.040625 0.085185
3 0.559505 0.199306 0.034115 0.083796
3 0.607682 0.413426 0.105990 0.136111
3 0.140365 0.645833 0.040104 0.062963
3 0.227734 0.469444 0.041406 0.076852
3 0.396484 0.813889 0.116406 0.192593
3 0.588411 0.943287 0.083073 0.113426
3 0.604818 0.815741 0.076823 0.140741
3 0.690234 0.484028 0.132552 0.233796
3 0.412109 0.650000 0.065365 0.112963
3 0.432943 0.681019 0.047135 0.071296
3 0.243750 0.588194 0.057813 0.110648