3 0.509896 0.403472 0.035417 0.056019
3 0.293359 0.372685 0.034115 0.059259
3 0.563411 0.139583 0.033073 0.066204
3 0.551302 0.123843 0.028125 0.060648
3 0.323698 0.207870 0.027083 0.048148
3 0.016927 0.556019 0.029687 0.066667
3 0.064714 0.490278 0.041406 0.072222
3 0.572526 0.036343 0.048698 0.055093
3 0.613281 0.198611 0.063542 0.080556
3 0.675651 0.208565 0.083594 0.132870
3 0.641667 0.468981 0.047396 0.080556
3 0.491667 0.476389 0.086458 0.118519
3 0.492057 0.381481 0.059635 0.067593
3 0.330859 0.432407 0.045052 0.076852
3 0.234635 0.513426 0.038021 0.053704
2 0.023568 0.637731 0.044010 0.118981
2 0.372005 0.080324 0.049219 0.050463