0 0.154818 0.128241 0.008594 0.014815
0 0.155729 0.146065 0.008854 0.017130
0 0.171615 0.135648 0.008333 0.012963
0 0.128385 0.107407 0.008333 0.012037
0 0.108333 0.065278 0.005208 0.011111
0 0.093359 0.083565 0.008594 0.013426
0 0.065625 0.051157 0.006250 0.011574
0 0.068620 0.062963 0.008073 0.012963
0 0.036979 0.105787 0.013542 0.015278
0 0.065495 0.094907 0.010156 0.016667
0 0.083073 0.141667 0.012500 0.021296
2 0.137891 0.174537 0.011198 0.017593
2 0.113281 0.175000 0.014583 0.023148
0 0.102083 0.174074 0.013021 0.021296
0 0.031771 0.182176 0.013542 0.010648