3 0.604167 0.837731 0.053125 0.087500
3 0.882292 0.633102 0.146354 0.216204
3 0.779427 0.558333 0.128125 0.126852
3 0.588542 0.937500 0.126042 0.125000
2 0.424740 0.204630 0.047917 0.066667
2 0.533333 0.064120 0.045833 0.055093
3 0.029167 0.664815 0.045833 0.089815
3 0.306641 0.611574 0.046615 0.099074
3 0.346875 0.739815 0.057813 0.116667
3 0.567708 0.798843 0.055729 0.102315
3 0.653125 0.351852 0.041146 0.087037
3 0.358854 0.361111 0.037500 0.068519
3 0.851302 0.951389 0.089583 0.097222
3 0.674349 0.222917 0.064323 0.068981
3 0.675911 0.384954 0.044010 0.083796