3 0.530208 0.455556 0.038021 0.062963
3 0.289453 0.394676 0.035677 0.066204
3 0.679297 0.545370 0.057031 0.094444
3 0.329167 0.211574 0.031771 0.057407
3 0.575130 0.142593 0.030469 0.076852
3 0.591797 0.161111 0.033594 0.067593
3 0.645833 0.240972 0.084375 0.081944
3 0.723958 0.261343 0.099479 0.150463
3 0.513802 0.438889 0.064062 0.080556
3 0.507292 0.533333 0.099479 0.132407
3 0.229427 0.539815 0.038021 0.057407
3 0.331510 0.460185 0.045312 0.090741
2 0.021484 0.633565 0.042969 0.078241
3 0.049349 0.495602 0.039323 0.066204
2 0.382292 0.079398 0.045312 0.057870
3 0.598047 0.044444 0.049740 0.059259