2 0.355599 0.023843 0.054427 0.047685
3 0.270573 0.198148 0.035417 0.072222
3 0.584505 0.033102 0.067448 0.066204
3 0.562370 0.207407 0.046615 0.076852
3 0.546745 0.168519 0.049219 0.094444
3 0.615885 0.382407 0.117188 0.139815
3 0.704297 0.454167 0.139844 0.236111
3 0.613281 0.932407 0.093750 0.135185
3 0.634245 0.793056 0.075260 0.123148
3 0.435807 0.673148 0.046615 0.071296
3 0.409505 0.642361 0.069531 0.116204
3 0.398958 0.818750 0.125521 0.225463
3 0.216146 0.592361 0.055729 0.118981
3 0.192578 0.469444 0.041406 0.093519
3 0.096745 0.667824 0.046615 0.063426