3 0.332813 0.255093 0.041146 0.072222
3 0.661849 0.090741 0.075781 0.066667
3 0.655339 0.271759 0.052344 0.099074
3 0.634896 0.237963 0.045312 0.099074
3 0.742448 0.466435 0.133854 0.156944
3 0.870964 0.550463 0.173177 0.260185
3 0.811198 0.930556 0.099479 0.138889
3 0.533464 0.910417 0.137240 0.179167
3 0.557292 0.773380 0.047917 0.079167
3 0.518359 0.735648 0.062760 0.131481
3 0.301563 0.652778 0.058333 0.100000
3 0.264974 0.529861 0.047656 0.083796
3 0.011979 0.577778 0.023958 0.071296
2 0.408203 0.077546 0.056510 0.068056