3 0.566406 0.034259 0.068750 0.068519
3 0.535417 0.207407 0.045833 0.093519
3 0.516667 0.176852 0.040104 0.094444
3 0.260026 0.199769 0.036719 0.068981
3 0.183984 0.468981 0.041406 0.080556
3 0.090495 0.652778 0.044531 0.079630
3 0.202083 0.580093 0.056250 0.112963
3 0.581771 0.382639 0.109896 0.132870
3 0.657292 0.446296 0.133333 0.225000
3 0.404557 0.657407 0.047656 0.065741
3 0.385286 0.628472 0.070573 0.114352
3 0.374870 0.791898 0.105990 0.204167
3 0.588151 0.778472 0.065365 0.133796
3 0.568229 0.925926 0.084375 0.148148
2 0.345833 0.025463 0.045312 0.050926