0 0.017969 0.068287 0.022396 0.035648
0 0.029167 0.048380 0.014063 0.021759
0 0.050391 0.103009 0.014323 0.024537
0 0.075130 0.071759 0.011719 0.025926
0 0.032161 0.106019 0.022135 0.033333
0 0.013932 0.136343 0.027344 0.041204
0 0.005339 0.021296 0.010677 0.017593
0 0.007682 0.006019 0.015365 0.012037
0 0.035156 0.005787 0.010417 0.011574
0 0.075391 0.008796 0.011719 0.016667
0 0.084635 0.021528 0.011979 0.021759
0 0.094141 0.029398 0.007552 0.014352
1 0.124870 0.088657 0.017448 0.020833
1 0.167708 0.065972 0.014583 0.022685
1 0.053516 0.128472 0.011198 0.024537
1 0.058984 0.095139 0.009635 0.014352
1 0.068099 0.090741 0.010677 0.025926
1 0.156380 0.051157 0.008073 0.019907
1 0.124870 0.059259 0.009635 0.015741
1 0.124609 0.035648 0.010156 0.017593