1 0.079948 0.138194 0.021875 0.011574
0 0.066536 0.118981 0.009635 0.014815
0 0.071875 0.087963 0.006250 0.010185
0 0.066536 0.015046 0.007031 0.009722
0 0.021745 0.120833 0.014323 0.016667
0 0.034505 0.095602 0.009635 0.014352
0 0.045312 0.075463 0.006771 0.013889
0 0.096615 0.162269 0.012500 0.021759
0 0.155208 0.107639 0.013542 0.022685
0 0.123958 0.029861 0.004687 0.007870
2 0.055729 0.143981 0.017708 0.020370
2 0.072135 0.128241 0.010937 0.013889
2 0.102474 0.039583 0.012760 0.017130
2 0.117318 0.078009 0.007031 0.014352
2 0.031771 0.069907 0.008854 0.011111
2 0.054427 0.052083 0.008854 0.017130
0 0.164714 0.086111 0.009635 0.014815
1 0.147396 0.149074 0.011979 0.025926