2 0.785807 0.125926 0.039844 0.047222
2 0.803516 0.665509 0.049219 0.082870
2 0.749479 0.711343 0.035937 0.056019
2 0.729167 0.783796 0.046354 0.068519
2 0.673958 0.660648 0.021875 0.042593
2 0.722135 0.551620 0.025521 0.048611
2 0.600391 0.789583 0.039323 0.041204
2 0.603646 0.615972 0.027604 0.039352
2 0.522656 0.538657 0.037500 0.046759
2 0.573177 0.396065 0.038542 0.060648
2 0.542318 0.310417 0.032552 0.053241
2 0.273438 0.589583 0.033333 0.056944
2 0.182552 0.339815 0.030729 0.039815
2 0.257292 0.312269 0.028125 0.034722
2 0.211198 0.287269 0.042708 0.046759