1 0.976953 0.387963 0.046094 0.088889
3 0.320703 0.208333 0.049740 0.070370
3 0.362891 0.384491 0.048177 0.079167
3 0.312370 0.365972 0.047656 0.075463
3 0.018620 0.428704 0.033594 0.061111
3 0.460938 0.032176 0.033854 0.045833
3 0.627995 0.067824 0.046615 0.059722
3 0.931510 0.099306 0.049479 0.079167
3 0.763672 0.198843 0.049740 0.056019
3 0.569531 0.217361 0.053125 0.062500
3 0.603906 0.331250 0.045312 0.059722
3 0.669661 0.342824 0.044531 0.085648
3 0.783073 0.443519 0.061979 0.080556
2 0.918880 0.343981 0.133073 0.160185
3 0.698698 0.637269 0.070833 0.118981
3 0.642188 0.644213 0.075000 0.120833
3 0.540755 0.881713 0.062760 0.105093
3 0.607552 0.905556 0.067187 0.139815
3 0.765234 0.850231 0.090365 0.134722
3 0.806250 0.752546 0.069271 0.105093
3 0.613151 0.276389 0.079427 0.100000
3 0.620313 0.212269 0.058854 0.098611