3 0.728646 0.099769 0.031250 0.052315
3 0.739193 0.254167 0.049740 0.057407
3 0.720052 0.312037 0.040104 0.044444
3 0.726302 0.734491 0.093750 0.141204
3 0.069141 0.398843 0.053906 0.067130
3 0.179688 0.410880 0.041146 0.056019
3 0.216536 0.378704 0.035677 0.059259
3 0.113802 0.716204 0.082292 0.114815
1 0.351432 0.640509 0.122656 0.092130
3 0.424349 0.415278 0.053385 0.082407
3 0.549089 0.366204 0.043490 0.051852
3 0.902083 0.445602 0.093750 0.112500
3 0.806510 0.404398 0.088021 0.108796
3 0.958073 0.283102 0.064062 0.064352
3 0.794792 0.542361 0.090104 0.097685
3 0.975000 0.515278 0.050000 0.118519
3 0.972266 0.649537 0.055469 0.114815
3 0.960547 0.789815 0.078906 0.181481
3 0.924349 0.908333 0.151302 0.176852
3 0.585807 0.604630 0.083073 0.086111
3 0.505078 0.819907 0.083073 0.138889
3 0.382943 0.463657 0.042969 0.063426
3 0.368359 0.727546 0.102865 0.122685
3 0.428255 0.777315 0.085156 0.113889
3 0.565625 0.869213 0.079687 0.116204
3 0.620443 0.916435 0.092969 0.130093
3 0.680990 0.823148 0.103646 0.139815
3 0.737760 0.154630 0.044271 0.044444
3 0.645312 0.140741 0.036458 0.044444
3 0.607422 0.163426 0.035677 0.044444
3 0.572786 0.446528 0.049740 0.049537
3 0.450260 0.286111 0.044271 0.061111