3 0.026302 0.401620 0.050521 0.066204
3 0.219792 0.050231 0.036458 0.053241
3 0.757943 0.281481 0.036719 0.040741
3 0.885417 0.738426 0.181250 0.260185
3 0.744141 0.122685 0.077344 0.087037
3 0.715885 0.196296 0.087500 0.112963
3 0.563281 0.065741 0.069792 0.076852
3 0.607161 0.245833 0.064844 0.093519
3 0.558984 0.604630 0.107552 0.165741
3 0.502604 0.294444 0.075000 0.097222
3 0.297786 0.105787 0.051823 0.068981
3 0.282682 0.265972 0.072135 0.076389
3 0.238672 0.286343 0.026302 0.043056
3 0.196224 0.362731 0.066406 0.092130
3 0.666146 0.292593 0.059896 0.101852