3 0.505990 0.437731 0.067187 0.081944
3 0.550521 0.331944 0.047396 0.074074
3 0.899870 0.891435 0.088281 0.129167
3 0.910417 0.792593 0.097396 0.175000
3 0.809896 0.744213 0.160938 0.271759
3 0.411198 0.394444 0.048958 0.080556
3 0.437760 0.451389 0.052604 0.067593
3 0.366146 0.472685 0.053125 0.074074
3 0.137760 0.502315 0.068750 0.074074
3 0.278255 0.531019 0.054948 0.054630
3 0.942057 0.934722 0.115885 0.130556
3 0.477865 0.343981 0.052604 0.075926
3 0.448177 0.312037 0.042708 0.069444
3 0.331901 0.351157 0.047135 0.069907
3 0.435026 0.208102 0.033594 0.045833
3 0.530599 0.211806 0.032031 0.063426
3 0.261458 0.503935 0.052083 0.053241
3 0.805339 0.218287 0.045052 0.043056
3 0.170833 0.660648 0.071875 0.092593