1 0.396224 0.444444 0.041927 0.046296
3 0.460026 0.360185 0.037240 0.050000
3 0.415495 0.755787 0.070573 0.106019
3 0.363281 0.577546 0.032813 0.062500
3 0.739453 0.393750 0.051823 0.068981
3 0.505599 0.345370 0.038802 0.044444
3 0.454036 0.326620 0.037240 0.043056
3 0.444141 0.435185 0.048177 0.050926
3 0.639844 0.328009 0.047396 0.056019
3 0.634896 0.462731 0.053125 0.059722
3 0.623958 0.514352 0.041667 0.047222
3 0.605339 0.553935 0.042448 0.066204
3 0.827734 0.532407 0.053906 0.064815
3 0.860677 0.508565 0.066146 0.076389
3 0.915495 0.529861 0.074219 0.095833
3 0.698047 0.685417 0.079427 0.141204
3 0.792057 0.771991 0.088802 0.128241
3 0.918099 0.895833 0.154948 0.208333
3 0.660937 0.933333 0.096875 0.133333
3 0.509245 0.928935 0.079427 0.124537
3 0.358594 0.810880 0.058333 0.118056
3 0.414714 0.643519 0.066406 0.077778
3 0.106901 0.529861 0.048698 0.062500
3 0.047266 0.654630 0.044531 0.071296
3 0.302604 0.550000 0.071354 0.102778
3 0.634245 0.268981 0.027865 0.058333
3 0.735156 0.271296 0.032813 0.046296