3 0.254688 0.156481 0.047917 0.059259
3 0.190495 0.312269 0.026823 0.039352
3 0.604036 0.193981 0.033073 0.041667
3 0.650781 0.192361 0.040104 0.052315
3 0.527214 0.207870 0.049740 0.074074
3 0.569792 0.232639 0.055208 0.077315
3 0.149740 0.380787 0.060417 0.089352
3 0.239453 0.283796 0.055469 0.074074
3 0.745573 0.571991 0.172917 0.249537
3 0.907943 0.422917 0.067969 0.062500
3 0.464193 0.515046 0.098177 0.154167
3 0.621745 0.146528 0.080990 0.093056
3 0.649089 0.074306 0.068490 0.072685
3 0.423828 0.272917 0.070052 0.072685