1 0.966016 0.391898 0.067969 0.101389
3 0.301563 0.215509 0.056250 0.066204
3 0.335677 0.401389 0.048958 0.074074
3 0.292057 0.377546 0.048698 0.069907
3 0.022917 0.622222 0.032292 0.053704
3 0.679557 0.656481 0.077344 0.116667
3 0.619271 0.665509 0.074479 0.124537
3 0.764062 0.458333 0.069271 0.084259
3 0.791667 0.768056 0.070833 0.125926
3 0.744922 0.860417 0.088802 0.134722
3 0.588021 0.931944 0.072917 0.133333
3 0.521875 0.903009 0.067187 0.118981
3 0.647135 0.351620 0.056250 0.072685
3 0.584635 0.345833 0.048958 0.063889
3 0.547266 0.229861 0.055469 0.056019
3 0.903125 0.121991 0.052604 0.062500
2 0.895573 0.337500 0.124479 0.155556
3 0.373047 0.021759 0.036719 0.037963
3 0.437240 0.043750 0.034375 0.043056
3 0.603906 0.091667 0.043750 0.045370
3 0.744531 0.212963 0.050521 0.053704