3 0.325000 0.453704 0.033333 0.079630
3 0.639844 0.179398 0.035417 0.046759
3 0.252865 0.592593 0.054688 0.081481
3 0.566927 0.699769 0.078646 0.102315
3 0.787240 0.596528 0.061979 0.092130
3 0.627214 0.281481 0.052344 0.050926
3 0.107943 0.483333 0.040885 0.057407
3 0.149740 0.449769 0.038542 0.059722
3 0.452604 0.597685 0.076563 0.084259
3 0.524089 0.766898 0.087240 0.128241
3 0.452995 0.863194 0.081510 0.121759
3 0.813932 0.782176 0.097656 0.141204
3 0.713672 0.832176 0.119531 0.157870
3 0.040365 0.768750 0.078646 0.118981
3 0.370443 0.799769 0.072135 0.129167
3 0.631901 0.140046 0.024219 0.055093
3 0.659115 0.402083 0.087500 0.114352
3 0.640365 0.524769 0.071354 0.080093
3 0.742708 0.435185 0.061458 0.087037
3 0.934766 0.282176 0.064844 0.075463
3 0.953646 0.384028 0.066146 0.069907
3 0.826953 0.484259 0.104948 0.133333
3 0.805078 0.280093 0.040885 0.053704
3 0.358594 0.339583 0.052604 0.056019
3 0.284505 0.503472 0.042448 0.063426
3 0.183203 0.370139 0.036198 0.048611