3 0.638542 0.259491 0.043229 0.079167
3 0.208464 0.214352 0.044531 0.061111
3 0.541536 0.677083 0.055469 0.080093
3 0.486068 0.954630 0.099740 0.090741
3 0.371224 0.823611 0.066406 0.159259
3 0.051693 0.526852 0.046094 0.061111
3 0.066927 0.549306 0.047396 0.069907
3 0.081120 0.573148 0.055469 0.074074
3 0.665625 0.311806 0.051042 0.069907
3 0.741276 0.365972 0.053906 0.072685
3 0.745964 0.309954 0.055990 0.068981
3 0.809896 0.371065 0.063542 0.078241
3 0.985677 0.722917 0.028646 0.084722
3 0.986719 0.815972 0.026562 0.092130
3 0.962370 0.894676 0.075260 0.148611
3 0.625130 0.806250 0.110677 0.137500
3 0.766276 0.549769 0.059115 0.079167
3 0.710286 0.483565 0.064844 0.085648
3 0.569922 0.633796 0.048177 0.087037
3 0.502344 0.537731 0.102083 0.155093
3 0.305859 0.334954 0.044531 0.062500
3 0.083594 0.393750 0.050521 0.076389
3 0.186719 0.424769 0.041667 0.066204
3 0.220573 0.461343 0.052604 0.085648
3 0.159896 0.498843 0.054688 0.075463