3 0.375260 0.213426 0.031250 0.046296
3 0.944271 0.574769 0.069792 0.081019
3 0.317448 0.475000 0.044792 0.060185
3 0.376172 0.474537 0.043490 0.061111
3 0.354297 0.422222 0.038281 0.066667
3 0.116667 0.476157 0.060937 0.071759
3 0.468490 0.370602 0.047396 0.062500
3 0.607812 0.727778 0.096354 0.162037
3 0.654687 0.772222 0.055729 0.103704
3 0.637240 0.823148 0.046875 0.075000
3 0.659505 0.864352 0.057552 0.084259
3 0.854297 0.780787 0.070573 0.116204
3 0.922396 0.636574 0.060937 0.089815
3 0.852083 0.502546 0.042708 0.064352
3 0.846224 0.539815 0.049219 0.050000
1 0.795573 0.679630 0.082292 0.079630
3 0.251823 0.525926 0.047396 0.040741
3 0.236849 0.491667 0.046094 0.047222
3 0.282031 0.341898 0.039583 0.053241
3 0.412760 0.359259 0.033854 0.050926
3 0.388281 0.327546 0.031250 0.054167
3 0.672135 0.301157 0.031250 0.047685
3 0.833333 0.411343 0.044271 0.052315