1 0.055990 0.135417 0.011979 0.049537
0 0.062630 0.133565 0.017448 0.031019
1 0.065625 0.157176 0.015104 0.060648
1 0.077474 0.136806 0.016927 0.021759
1 0.080729 0.162500 0.013021 0.050000
0 0.094661 0.150000 0.019010 0.041667
1 0.089974 0.114583 0.017448 0.024537
1 0.109375 0.112731 0.030729 0.036574
0 0.076302 0.104398 0.016667 0.031019
1 0.062891 0.085880 0.010677 0.042130
1 0.059115 0.061806 0.009375 0.035648
1 0.072656 0.022454 0.015104 0.031944
1 0.084766 0.081944 0.015365 0.022222
1 0.095443 0.081019 0.021615 0.040741
1 0.078516 0.057176 0.020573 0.033796
1 0.082422 0.039583 0.011719 0.037500
1 0.115104 0.081019 0.023958 0.051852
0 0.109505 0.076620 0.014844 0.026389
0 0.095833 0.061111 0.016146 0.026852
1 0.101823 0.022454 0.024479 0.036574
0 0.109635 0.050000 0.016667 0.027778
0 0.120573 0.023611 0.014583 0.031481
0 0.099479 0.015509 0.013542 0.019907
1 0.117708 0.157407 0.036979 0.060185
1 0.102083 0.170602 0.020313 0.033796
1 0.115495 0.178009 0.018490 0.018981
1 0.139453 0.149537 0.022135 0.071296
0 0.127083 0.142593 0.020313 0.037037
0 0.130469 0.111111 0.018750 0.032407
0 0.138932 0.020139 0.019531 0.032870
0 0.140234 0.048148 0.022135 0.029630
0 0.144661 0.093056 0.021094 0.031481
1 0.140104 0.070833 0.033854 0.032407
1 0.155859 0.033333 0.028385 0.032407
1 0.157943 0.013889 0.021094 0.022222