3 0.562891 0.276620 0.061198 0.090278
3 0.406250 0.304167 0.066146 0.080556
3 0.611979 0.232407 0.031250 0.045370
3 0.652083 0.237731 0.037500 0.039352
3 0.106120 0.419444 0.073698 0.110185
3 0.203385 0.311574 0.056250 0.067593
3 0.151172 0.340046 0.033073 0.046759
3 0.456641 0.578935 0.097656 0.181019
3 0.771354 0.647454 0.178125 0.271759
3 0.616667 0.172917 0.082292 0.097685
3 0.645443 0.091667 0.068490 0.074074
3 0.220703 0.168056 0.051302 0.056481
3 0.513672 0.242824 0.047135 0.081944
3 0.944922 0.493981 0.068490 0.079630