3 0.455729 0.426852 0.044792 0.041667
1 0.408073 0.433102 0.042188 0.040278
3 0.424609 0.610648 0.053906 0.066667
3 0.320833 0.524306 0.065625 0.079167
3 0.602083 0.524074 0.047396 0.053704
3 0.631901 0.455556 0.057552 0.061111
3 0.641016 0.328472 0.045052 0.059722
3 0.508854 0.342593 0.042188 0.044444
3 0.461328 0.320602 0.038802 0.036574
3 0.075391 0.638426 0.035156 0.075000
3 0.024479 0.686111 0.046875 0.057407
3 0.127214 0.524074 0.041406 0.058333
3 0.361068 0.766204 0.079427 0.119444
3 0.425781 0.954630 0.082292 0.090741
3 0.514714 0.868750 0.083073 0.102315
3 0.655990 0.854167 0.095312 0.129630
3 0.883984 0.829398 0.136198 0.191204
3 0.770573 0.722917 0.083854 0.120833
3 0.688281 0.651389 0.072917 0.113889
3 0.836719 0.490509 0.057813 0.071759
3 0.887240 0.513889 0.071354 0.084259
3 0.973307 0.501389 0.053385 0.077778
3 0.466146 0.359722 0.030729 0.046296
3 0.630599 0.267593 0.027344 0.046296