3 0.469401 0.878704 0.061198 0.100000
3 0.344401 0.386806 0.042969 0.062500
3 0.294531 0.546759 0.043750 0.047222
3 0.443099 0.477083 0.057552 0.082870
3 0.415885 0.432407 0.043750 0.081481
3 0.889323 0.846065 0.094792 0.134722
3 0.838932 0.801157 0.085156 0.131944
3 0.856380 0.721065 0.088281 0.137500
3 0.772917 0.675231 0.150521 0.213426
3 0.377474 0.495139 0.053906 0.075463
3 0.168229 0.537037 0.056771 0.066667
3 0.458073 0.962731 0.103646 0.074537
3 0.439323 0.256019 0.040625 0.053704
3 0.475391 0.215741 0.037760 0.050926
3 0.523047 0.257176 0.029948 0.081019
3 0.483464 0.366898 0.055469 0.070833
3 0.453385 0.343981 0.042188 0.050926
3 0.548307 0.361111 0.049219 0.075000
3 0.281250 0.521065 0.050521 0.052315