3 0.019141 0.488194 0.037760 0.039352
3 0.028385 0.509028 0.044792 0.043056
3 0.549219 0.594444 0.054688 0.083333
3 0.516797 0.655093 0.070052 0.083333
3 0.916927 0.453704 0.052604 0.090741
3 0.538672 0.825000 0.075781 0.120370
3 0.484505 0.853472 0.079427 0.118056
3 0.484505 0.506019 0.112760 0.159259
3 0.195833 0.428472 0.045312 0.079167
3 0.129427 0.457639 0.056250 0.075463
3 0.058203 0.369213 0.050260 0.068981
3 0.807292 0.338889 0.061458 0.070370
3 0.735026 0.338889 0.050260 0.067593
3 0.737500 0.273611 0.058333 0.063889
3 0.706380 0.446065 0.061198 0.075463
3 0.611328 0.771991 0.103385 0.143981
3 0.459896 0.946296 0.115625 0.107407
3 0.963151 0.868287 0.073698 0.150463
1 0.636979 0.409954 0.080729 0.065278
3 0.637109 0.223380 0.038802 0.058796
3 0.633333 0.176157 0.034375 0.046759
3 0.041146 0.540278 0.052604 0.075000
3 0.162500 0.391204 0.039583 0.071296
3 0.533724 0.515509 0.055469 0.108796