3 0.833333 0.218750 0.035417 0.047685
1 0.523177 0.806944 0.120833 0.100000
3 0.596484 0.952083 0.090365 0.095833
3 0.413021 0.866667 0.066146 0.124074
3 0.544661 0.890509 0.092969 0.123611
3 0.904557 0.949537 0.110156 0.100926
3 0.959766 0.768519 0.080469 0.128704
3 0.855208 0.396296 0.048438 0.051852
3 0.857812 0.435417 0.039062 0.042130
3 0.847786 0.461343 0.037760 0.053241
3 0.668620 0.264120 0.041927 0.046759
3 0.708333 0.252315 0.036458 0.050926
3 0.688281 0.493287 0.058333 0.077315
3 0.718229 0.609028 0.050521 0.069907
3 0.753646 0.801852 0.084375 0.089815
3 0.653516 0.627546 0.065365 0.108796
3 0.571224 0.544907 0.049740 0.085185
3 0.528125 0.583333 0.050000 0.088889
3 0.579036 0.392593 0.049740 0.089815
3 0.323437 0.430324 0.044271 0.064352
3 0.287760 0.465046 0.046354 0.060648
3 0.171875 0.428009 0.042708 0.059722
3 0.050391 0.569444 0.051823 0.065741
3 0.085417 0.624074 0.058333 0.082407
3 0.108073 0.373611 0.045833 0.072222