3 0.086979 0.369213 0.093229 0.146759
3 0.815625 0.302083 0.048958 0.081944
3 0.782943 0.518981 0.059115 0.089815
3 0.980208 0.659722 0.039583 0.102778
3 0.935807 0.816435 0.061198 0.098611
3 0.740104 0.913426 0.117188 0.173148
3 0.697005 0.104398 0.035156 0.056019
3 0.694010 0.149769 0.043750 0.063426
3 0.582943 0.287037 0.052344 0.090741
3 0.562240 0.361343 0.060417 0.089352
3 0.499870 0.365278 0.059115 0.084259
3 0.452865 0.457639 0.056771 0.121759
3 0.390885 0.739120 0.083854 0.181019
3 0.974740 0.462731 0.048958 0.108796
3 0.904167 0.464583 0.061979 0.115278
3 0.679167 0.312500 0.047396 0.074074
3 0.718359 0.368519 0.060677 0.109259
3 0.634505 0.281250 0.049740 0.081944
3 0.430469 0.062500 0.046875 0.070370
3 0.479036 0.142593 0.035156 0.060185
3 0.512760 0.181250 0.047396 0.065278
3 0.452604 0.267824 0.050521 0.082870
3 0.380339 0.369213 0.049740 0.079167