3 0.960807 0.663194 0.061719 0.048611
3 0.201172 0.390046 0.073698 0.105093
3 0.281250 0.280787 0.061979 0.082870
3 0.289193 0.114815 0.050260 0.058333
3 0.211068 0.047917 0.039323 0.056019
3 0.547396 0.091667 0.065625 0.076852
3 0.489974 0.329861 0.071615 0.098611
3 0.587760 0.291667 0.061979 0.100000
3 0.687500 0.245833 0.078646 0.116667
3 0.714323 0.165046 0.074479 0.087500
3 0.818620 0.764815 0.146094 0.237963
3 0.545182 0.630556 0.094531 0.162963
3 0.735026 0.324074 0.057552 0.063889
3 0.641016 0.346991 0.054427 0.100463