1 0.953776 0.356481 0.092448 0.132407
3 0.522266 0.216667 0.044531 0.048148
3 0.565495 0.334259 0.048177 0.053704
3 0.630469 0.337500 0.045833 0.064815
3 0.742318 0.433102 0.060677 0.091204
3 0.876693 0.094907 0.053385 0.077778
3 0.583594 0.079398 0.045312 0.052315
3 0.270703 0.212500 0.048177 0.067593
3 0.314193 0.388426 0.049740 0.087037
3 0.262240 0.371528 0.043229 0.068981
3 0.657292 0.628009 0.067708 0.114352
3 0.600260 0.640972 0.078646 0.124537
3 0.499089 0.895833 0.059115 0.133333
3 0.569141 0.910185 0.068490 0.136111
3 0.730339 0.829398 0.088802 0.150463
3 0.771484 0.727546 0.072135 0.118981
2 0.872396 0.320139 0.117188 0.174537
3 0.928516 0.193056 0.040885 0.057407
3 0.714974 0.191667 0.048177 0.062037
3 0.411849 0.037963 0.037240 0.044444
3 0.346224 0.018056 0.039323 0.032407