3 0.236719 0.285648 0.054688 0.075000
3 0.190365 0.445833 0.056250 0.044444
3 0.179167 0.426620 0.049479 0.046759
3 0.169661 0.401389 0.042448 0.040741
3 0.042318 0.432407 0.077865 0.066667
3 0.280339 0.396991 0.059115 0.088426
3 0.317448 0.320139 0.047396 0.073611
3 0.640365 0.556481 0.129688 0.192593
3 0.724870 0.703472 0.080990 0.118056
3 0.715495 0.582870 0.079427 0.126852
3 0.688672 0.771991 0.079427 0.110648
3 0.748437 0.951389 0.087500 0.097222
3 0.957292 0.553241 0.085417 0.126852
3 0.878125 0.233565 0.057813 0.071759
3 0.871224 0.162037 0.046615 0.064815
3 0.912370 0.297454 0.072135 0.082870
1 0.871224 0.466667 0.119531 0.080556