3 0.903906 0.429167 0.069271 0.062037
3 0.459505 0.210648 0.046094 0.093519
3 0.552995 0.188426 0.038281 0.046296
3 0.594010 0.196296 0.041667 0.049074
3 0.139974 0.337731 0.061198 0.085648
3 0.081771 0.372454 0.046875 0.056944
3 0.044141 0.484722 0.070052 0.119444
3 0.400000 0.613194 0.106250 0.193056
3 0.730729 0.646296 0.191146 0.312963
3 0.345052 0.301389 0.069271 0.109259
3 0.557943 0.124537 0.085156 0.113889
3 0.586198 0.034259 0.091146 0.064815
3 0.148177 0.170370 0.047917 0.070370
3 0.505859 0.242130 0.070573 0.103704