3 0.566536 0.307407 0.033073 0.050926
3 0.325911 0.282870 0.034635 0.050000
3 0.370182 0.269213 0.040365 0.047685
3 0.317188 0.512963 0.041667 0.069444
3 0.283333 0.498611 0.056250 0.070370
3 0.775260 0.524306 0.047917 0.062500
3 0.097135 0.384954 0.050521 0.054167
3 0.566276 0.380787 0.044010 0.039352
3 0.491016 0.354630 0.035677 0.041667
3 0.434635 0.394907 0.045312 0.055556
3 0.399479 0.436111 0.047396 0.060185
3 0.426563 0.496759 0.047396 0.062037
3 0.427865 0.547222 0.041146 0.062037
3 0.541667 0.668287 0.058333 0.102315
3 0.430859 0.634491 0.049219 0.082870
3 0.464323 0.673843 0.058333 0.091204
3 0.431120 0.869444 0.061719 0.108333
3 0.397266 0.768750 0.038802 0.092130
3 0.288932 0.634954 0.049219 0.077315
3 0.504036 0.475000 0.040885 0.066667