3 0.015755 0.741667 0.026823 0.097222
3 0.374740 0.443519 0.040625 0.058333
3 0.168359 0.410880 0.041406 0.048611
3 0.186719 0.338426 0.034375 0.044444
3 0.024609 0.585648 0.046094 0.061111
3 0.373698 0.736574 0.053646 0.083333
3 0.499479 0.696759 0.048438 0.070370
3 0.547526 0.635648 0.036198 0.060185
3 0.542708 0.568981 0.042188 0.064815
3 0.581641 0.598380 0.032552 0.072685
3 0.559115 0.488194 0.044271 0.063426
3 0.439193 0.532407 0.044010 0.060185
3 0.339453 0.669444 0.040885 0.061111
3 0.251693 0.540278 0.043490 0.064815
3 0.452344 0.855787 0.042188 0.076389
3 0.670443 0.702778 0.046094 0.079630
3 0.811458 0.934954 0.053125 0.101389
3 0.854948 0.691204 0.087500 0.152778
3 0.951693 0.514583 0.038281 0.058796
3 0.973698 0.617824 0.052604 0.086574
3 0.836589 0.387963 0.036198 0.055556
3 0.452344 0.317824 0.036979 0.048611
3 0.535156 0.360648 0.028646 0.053704
3 0.442578 0.364815 0.044531 0.054630
3 0.481250 0.274074 0.029167 0.045370