3 0.959635 0.587731 0.055208 0.069907
3 0.137891 0.429167 0.036198 0.046296
3 0.102083 0.477083 0.042188 0.053241
3 0.156510 0.356250 0.033854 0.044907
3 0.350781 0.450463 0.039062 0.056481
3 0.391146 0.439583 0.034375 0.053241
3 0.419792 0.363657 0.036458 0.048611
3 0.433333 0.317361 0.036458 0.052315
3 0.459505 0.272454 0.024219 0.047685
3 0.511068 0.353935 0.035677 0.056944
3 0.418490 0.535417 0.046875 0.072685
3 0.317188 0.673843 0.036458 0.063426
3 0.353646 0.757639 0.044792 0.091204
3 0.434635 0.862731 0.042708 0.078241
3 0.479557 0.699769 0.043490 0.068981
3 0.505859 0.709028 0.038281 0.067130
3 0.532422 0.632176 0.043490 0.067130
3 0.568620 0.593056 0.040885 0.075926
3 0.531641 0.565972 0.038281 0.072685
3 0.507161 0.475694 0.038281 0.063426
3 0.541536 0.497222 0.043490 0.075000
3 0.658854 0.693981 0.051042 0.080556
3 0.806641 0.918287 0.060156 0.106944
3 0.855859 0.671528 0.091927 0.130093
3 0.940495 0.480787 0.046615 0.067130
3 0.678776 0.315741 0.035677 0.046296
3 0.277214 0.461806 0.036198 0.054167