3 0.610938 0.974537 0.061979 0.050926
3 0.163281 0.544907 0.038021 0.063889
3 0.501693 0.261343 0.035156 0.049537
3 0.556771 0.054167 0.029167 0.040741
3 0.796094 0.025231 0.043229 0.049537
3 0.728516 0.259954 0.053385 0.049537
3 0.630078 0.171528 0.064323 0.089352
3 0.589453 0.173611 0.040885 0.054630
3 0.429688 0.159491 0.033854 0.049537
3 0.644271 0.421991 0.047396 0.079167
3 0.363151 0.145139 0.038802 0.052315
3 0.537891 0.321991 0.058594 0.065278
3 0.877083 0.153009 0.052604 0.078241
1 0.945703 0.422685 0.108594 0.116667
2 0.878125 0.373148 0.126042 0.169444
3 0.537500 0.970833 0.060417 0.058333
3 0.763411 0.928241 0.094010 0.120370
3 0.803646 0.817824 0.072917 0.118981
3 0.754297 0.507870 0.064323 0.090741
3 0.627995 0.734491 0.074219 0.120833
3 0.687891 0.721759 0.073698 0.120370
3 0.344792 0.513657 0.051042 0.068981
3 0.304036 0.349769 0.052344 0.071759