3 0.323958 0.228241 0.023438 0.042593
3 0.961458 0.210648 0.077083 0.104630
3 0.496094 0.188426 0.035937 0.055556
3 0.066927 0.755787 0.060417 0.088426
3 0.570573 0.302778 0.054167 0.057407
3 0.660937 0.465972 0.070833 0.094907
3 0.694401 0.390509 0.069010 0.080093
3 0.492969 0.765046 0.065625 0.134722
3 0.489583 0.505556 0.056250 0.080556
3 0.347917 0.431713 0.054688 0.069907
3 0.275260 0.504167 0.061979 0.080556
3 0.684896 0.913889 0.126042 0.172222
3 0.599609 0.545370 0.058594 0.077778
3 0.570052 0.478009 0.055729 0.081944
3 0.640755 0.519213 0.037240 0.040278
3 0.670182 0.542130 0.035156 0.045370
3 0.826562 0.891898 0.052604 0.052315