3 0.641016 0.039815 0.075781 0.061111
3 0.769141 0.304398 0.069531 0.094907
3 0.826302 0.190972 0.113542 0.133796
3 0.224089 0.337500 0.068490 0.113889
3 0.272526 0.260880 0.029948 0.056019
3 0.321745 0.232176 0.072135 0.079167
3 0.341406 0.076157 0.054688 0.066204
3 0.263411 0.022454 0.036719 0.039352
3 0.480469 0.145370 0.059896 0.054630
3 0.564453 0.284722 0.086719 0.093519
3 0.643229 0.659028 0.135417 0.196759
3 0.855599 0.105324 0.107031 0.098611
3 0.883203 0.293056 0.055990 0.058333
3 0.702865 0.242593 0.065625 0.087037