0 0.041016 0.177546 0.022656 0.019907
0 0.011589 0.147454 0.020573 0.028241
0 0.030208 0.124306 0.021875 0.032870
0 0.151693 0.112500 0.017969 0.027778
0 0.173177 0.154861 0.013021 0.031944
0 0.156901 0.147222 0.020052 0.034259
0 0.115885 0.154167 0.021354 0.035185
0 0.020964 0.062963 0.021615 0.038889
0 0.010417 0.083102 0.019792 0.041204
0 0.073568 0.163657 0.024740 0.043056
0 0.137500 0.153241 0.020313 0.025000
0 0.170443 0.121759 0.014323 0.022222
0 0.151432 0.082407 0.013281 0.018519
0 0.100521 0.072454 0.011979 0.017130
0 0.059766 0.077083 0.012240 0.021759