3 0.474740 0.233796 0.030729 0.048148
3 0.402474 0.141435 0.037240 0.052315
3 0.911458 0.189815 0.041667 0.058333
1 0.943099 0.340972 0.112240 0.115278
2 0.854557 0.324537 0.110677 0.168519
3 0.701302 0.227315 0.052604 0.048148
3 0.463802 0.606019 0.056771 0.077778
3 0.553516 0.394213 0.048698 0.062500
3 0.618229 0.388657 0.047396 0.079167
3 0.521615 0.952778 0.063542 0.094444
3 0.590104 0.953935 0.064062 0.092130
3 0.749609 0.872917 0.088281 0.141204
3 0.783333 0.766204 0.081771 0.119444
3 0.610547 0.697222 0.077344 0.123148
3 0.667188 0.671759 0.069792 0.116667
3 0.733594 0.464120 0.054688 0.085648
3 0.848047 0.109028 0.049740 0.065278
3 0.559766 0.146528 0.040885 0.049537
3 0.611979 0.145833 0.052604 0.074074
3 0.516016 0.298843 0.048177 0.065278
3 0.269922 0.495602 0.051302 0.068981
3 0.319661 0.502083 0.048698 0.081944
3 0.275000 0.347917 0.051042 0.072685
3 0.333464 0.134722 0.042969 0.041667