3 0.486458 0.255324 0.030729 0.040278
3 0.590234 0.198380 0.028906 0.048611
3 0.598047 0.241898 0.036719 0.048611
3 0.254688 0.564815 0.049479 0.064815
3 0.629036 0.880324 0.096615 0.138426
3 0.720182 0.833796 0.083073 0.123148
3 0.861068 0.921759 0.122135 0.123148
3 0.929688 0.634491 0.105729 0.108796
3 0.750651 0.549769 0.091927 0.118056
3 0.720833 0.663657 0.080208 0.115278
3 0.513281 0.753241 0.072917 0.103704
3 0.465625 0.836574 0.082292 0.115741
3 0.580729 0.584259 0.071354 0.077778
3 0.608594 0.456481 0.069271 0.093519
3 0.677344 0.490509 0.077083 0.094907
3 0.868750 0.442824 0.054688 0.071759
3 0.908594 0.298843 0.057813 0.069907
3 0.856771 0.350463 0.058333 0.067593
3 0.871224 0.323380 0.049740 0.062500
3 0.744141 0.339583 0.042448 0.053241
3 0.582552 0.343519 0.043229 0.048148
3 0.556120 0.382870 0.042448 0.041667
3 0.323958 0.401389 0.056250 0.071296
3 0.288411 0.518287 0.041406 0.075463
3 0.405729 0.674537 0.059896 0.077778
3 0.122135 0.500231 0.035937 0.068056
3 0.026172 0.817824 0.051823 0.111574
3 0.445312 0.242593 0.041667 0.040741
3 0.404167 0.909491 0.065625 0.111574
3 0.447135 0.276157 0.027604 0.039352