3 0.793880 0.341898 0.048698 0.068981
3 0.664193 0.360880 0.057031 0.075463
3 0.452865 0.264120 0.043750 0.062500
3 0.485677 0.171528 0.051042 0.079167
3 0.233594 0.394444 0.056771 0.083333
3 0.139583 0.670833 0.067708 0.090741
3 0.046615 0.563426 0.053125 0.077778
3 0.090885 0.600926 0.056250 0.087963
3 0.727083 0.640278 0.065104 0.102778
3 0.633464 0.466667 0.053385 0.090741
3 0.555339 0.573843 0.062760 0.098611
3 0.521615 0.683102 0.067708 0.115278
3 0.433333 0.625463 0.052604 0.077778
3 0.723828 0.272222 0.046615 0.063889
3 0.721224 0.229167 0.037240 0.047222
3 0.887630 0.427315 0.059115 0.110185
3 0.879948 0.677778 0.065625 0.110185
3 0.728125 0.455093 0.058333 0.090741
3 0.785937 0.508565 0.067708 0.107870
3 0.680339 0.440046 0.055469 0.081944
3 0.550260 0.370370 0.051042 0.058333
3 0.503385 0.487963 0.061979 0.087037