3 0.967187 0.486574 0.065625 0.120370
3 0.957292 0.601620 0.083854 0.105093
3 0.266927 0.344676 0.043750 0.081944
3 0.227734 0.419444 0.057031 0.074074
3 0.112760 0.441435 0.043229 0.050463
3 0.126432 0.453241 0.053385 0.050926
3 0.134505 0.481944 0.057552 0.067593
3 0.732031 0.914583 0.165104 0.170833
3 0.733984 0.341898 0.052344 0.079167
1 0.795703 0.436343 0.120573 0.076389
3 0.826953 0.283796 0.061198 0.074074
3 0.802995 0.216898 0.046615 0.058796
3 0.799349 0.168519 0.046615 0.054630
3 0.935937 0.286574 0.071354 0.089815
3 0.931771 0.371065 0.075000 0.078241
3 0.882552 0.508796 0.104167 0.110185
3 0.638411 0.566667 0.073698 0.136111
3 0.652734 0.665509 0.088802 0.095833
3 0.585807 0.537500 0.129427 0.188889