3 0.543359 0.443981 0.051823 0.071296
3 0.694401 0.715278 0.090885 0.125926
3 0.525911 0.843750 0.077865 0.134722
3 0.574870 0.904861 0.083073 0.115278
3 0.398047 0.777778 0.063281 0.106481
3 0.344401 0.703009 0.072135 0.101389
3 0.056510 0.429167 0.045312 0.057407
3 0.095182 0.728009 0.092448 0.131019
3 0.587370 0.172222 0.035156 0.047222
3 0.548828 0.186574 0.036719 0.051852
3 0.430469 0.293056 0.045312 0.066667
3 0.233594 0.313657 0.032292 0.056019
3 0.197656 0.401389 0.037500 0.061111
1 0.329427 0.636343 0.106250 0.089352
3 0.360026 0.473148 0.055469 0.067593
3 0.530599 0.361343 0.061198 0.058796
3 0.696615 0.294213 0.048958 0.045833
3 0.713672 0.251852 0.057031 0.050926
3 0.923177 0.263426 0.056250 0.058333
3 0.761458 0.516204 0.085938 0.084259
3 0.775000 0.391204 0.082292 0.125926
3 0.862500 0.433102 0.077083 0.098611
3 0.953646 0.493750 0.092708 0.147685
3 0.951172 0.638889 0.097656 0.169444
3 0.929297 0.744907 0.110677 0.169444
3 0.970052 0.852083 0.051042 0.180093
3 0.885677 0.888889 0.154167 0.191667
3 0.555729 0.603704 0.076563 0.080556
3 0.467448 0.819213 0.084375 0.150463
3 0.399870 0.429167 0.033594 0.080556
3 0.643880 0.805093 0.092969 0.138889
3 0.706771 0.105787 0.030208 0.052315