3 0.791797 0.682407 0.053906 0.055556
3 0.617839 0.274769 0.078906 0.097685
3 0.631641 0.358565 0.038281 0.044907
3 0.601823 0.337963 0.031250 0.042593
3 0.527865 0.306019 0.057813 0.070370
3 0.554557 0.357176 0.055990 0.075463
3 0.658854 0.206019 0.076563 0.080556
3 0.535286 0.119213 0.046094 0.062500
3 0.439453 0.340741 0.050260 0.061111
3 0.644661 0.750231 0.130990 0.213426
3 0.439453 0.599074 0.077865 0.133333
3 0.212240 0.343981 0.067708 0.090741
1 0.961458 0.215741 0.077083 0.122222
3 0.263021 0.062963 0.030208 0.041667