3 0.945182 0.306713 0.039323 0.060648
3 0.336849 0.638657 0.039844 0.060648
3 0.364844 0.651157 0.040625 0.063426
3 0.271094 0.518519 0.044271 0.067593
3 0.421094 0.529167 0.042708 0.068519
3 0.632943 0.730787 0.051302 0.081019
3 0.679297 0.521065 0.067448 0.105093
3 0.771354 0.784722 0.070312 0.124074
3 0.805078 0.634954 0.057031 0.091204
3 0.850000 0.774769 0.060417 0.095833
3 0.977865 0.597685 0.044271 0.079630
3 0.984635 0.566435 0.030729 0.056944
3 0.973958 0.521065 0.052083 0.062500
3 0.765365 0.361111 0.040104 0.050000
3 0.372266 0.343519 0.024740 0.059259
3 0.773958 0.428935 0.047917 0.057870
3 0.502214 0.593287 0.039323 0.068981
3 0.321094 0.294213 0.028125 0.040278
3 0.289193 0.336574 0.039844 0.042593