3 0.779427 0.211806 0.042708 0.043056
3 0.871484 0.929398 0.107031 0.138426
3 0.851953 0.789352 0.086719 0.168519
3 0.763281 0.731944 0.152083 0.257407
3 0.311979 0.313657 0.052604 0.079167
3 0.387109 0.371296 0.051823 0.080556
3 0.413672 0.425926 0.057031 0.089815
3 0.343880 0.436343 0.055469 0.081944
3 0.253125 0.493750 0.058333 0.059722
3 0.108594 0.450463 0.065625 0.087037
3 0.463672 0.310648 0.055469 0.069444
3 0.429297 0.284259 0.041927 0.051852
3 0.414453 0.172917 0.035156 0.045833
3 0.505729 0.187269 0.036458 0.056944
3 0.529167 0.306250 0.048958 0.070833
3 0.483073 0.410880 0.061979 0.078241
3 0.242318 0.466898 0.054948 0.046759
3 0.230729 0.441667 0.042708 0.039815