3 0.010156 0.008333 0.010417 0.011111
3 0.060286 0.037269 0.004948 0.006019
3 0.033854 0.098148 0.009375 0.007407
3 0.021094 0.025231 0.006771 0.006019
3 0.024089 0.086111 0.009115 0.007407
3 0.012240 0.157639 0.005208 0.004167
3 0.054167 0.153472 0.005729 0.006019
0 0.015755 0.113194 0.031510 0.022685
0 0.039453 0.140278 0.013281 0.013889
0 0.054948 0.125231 0.016146 0.018981
3 0.069010 0.103009 0.004167 0.006019
3 0.103516 0.086574 0.004948 0.009259
3 0.083984 0.115046 0.004427 0.005093
3 0.084505 0.107639 0.003906 0.005093
3 0.076302 0.111111 0.004687 0.004630
3 0.108984 0.070602 0.004948 0.007870
3 0.103385 0.071528 0.006771 0.006944
3 0.171745 0.096065 0.007552 0.008796
0 0.086719 0.184259 0.007812 0.006481
0 0.083333 0.159259 0.012500 0.016667
0 0.093490 0.122685 0.017188 0.024074
0 0.151432 0.081944 0.023177 0.020370
0 0.119141 0.135185 0.011198 0.015741
0 0.121875 0.119444 0.014583 0.014815
0 0.117318 0.180556 0.010156 0.011111
0 0.141927 0.161806 0.009375 0.013426
0 0.164844 0.137269 0.010417 0.010648
0 0.177344 0.128704 0.009896 0.012037
2 0.155469 0.165046 0.010417 0.007870
2 0.061849 0.049306 0.009115 0.011574
2 0.063151 0.071759 0.011198 0.013889
2 0.082943 0.065046 0.012760 0.019907
2 0.085547 0.044213 0.014844 0.018981
2 0.115625 0.045370 0.014583 0.024074
2 0.140755 0.009259 0.023698 0.018519