3 0.651042 0.705093 0.064062 0.098148
3 0.528125 0.532407 0.045833 0.077778
3 0.667188 0.613194 0.061458 0.089352
3 0.502344 0.795833 0.049479 0.077778
3 0.224870 0.480787 0.035156 0.059722
3 0.291016 0.321528 0.036719 0.053241
3 0.380339 0.042593 0.026302 0.040741
3 0.671484 0.163889 0.057031 0.068519
3 0.570573 0.161806 0.078646 0.098611
3 0.858854 0.389352 0.069792 0.090741
3 0.704557 0.763657 0.060677 0.095833
3 0.380599 0.127315 0.046094 0.067593
3 0.425260 0.409722 0.038021 0.054630
3 0.477995 0.447917 0.024219 0.037500
3 0.939583 0.740972 0.051042 0.099537
3 0.712500 0.475694 0.043229 0.055093
3 0.772396 0.209491 0.061458 0.072685