3 0.526302 0.193519 0.034896 0.062037
3 0.473568 0.160185 0.047135 0.050926
3 0.438542 0.200000 0.040625 0.044444
3 0.471354 0.821296 0.068229 0.113889
3 0.030990 0.821759 0.058333 0.090741
3 0.549479 0.307176 0.054167 0.071759
3 0.872656 0.806944 0.093229 0.143519
3 0.834505 0.744213 0.080990 0.114352
3 0.852734 0.683565 0.083594 0.137500
3 0.764193 0.645602 0.149219 0.187500
3 0.467448 0.932176 0.111979 0.115278
3 0.417969 0.376852 0.051042 0.074074
3 0.442839 0.419444 0.048177 0.076852
3 0.378125 0.451157 0.052604 0.075463
3 0.301172 0.499537 0.048177 0.058333
3 0.166797 0.481944 0.062760 0.067593
3 0.486328 0.313194 0.048177 0.056944
3 0.450521 0.296991 0.042188 0.052315
3 0.282031 0.471065 0.046354 0.063426
3 0.344010 0.337269 0.052604 0.067130