3 0.104167 0.159954 0.020313 0.035648
2 0.129818 0.119907 0.014844 0.025000
1 0.103385 0.015972 0.009375 0.019907
1 0.120573 0.012963 0.010937 0.021296
1 0.130078 0.026157 0.012240 0.020833
1 0.111979 0.029167 0.009896 0.016667
1 0.077344 0.028241 0.012500 0.016667
1 0.090755 0.041204 0.010156 0.015741
1 0.096354 0.060880 0.011979 0.018056
1 0.060677 0.078935 0.015104 0.018056
1 0.084635 0.100926 0.011979 0.023148
1 0.097656 0.128009 0.016146 0.024537
1 0.057813 0.125694 0.014583 0.018981
1 0.068750 0.108102 0.011979 0.021759
1 0.035547 0.111806 0.016927 0.021759
1 0.138151 0.064583 0.032031 0.030093