0 0.624573 0.425000 0.068259 0.054167
0 0.583618 0.228125 0.058020 0.064583
0 0.506826 0.163542 0.040956 0.047917
0 0.473549 0.168750 0.042662 0.054167
0 0.709044 0.307292 0.052901 0.056250
0 0.713311 0.178125 0.047782 0.064583
0 0.781570 0.225000 0.040956 0.037500
0 0.778157 0.272917 0.058020 0.054167
0 0.587884 0.296875 0.046075 0.056250
0 0.945392 0.453125 0.064846 0.072917
0 0.923208 0.414583 0.058020 0.066667
0 0.966724 0.401042 0.049488 0.064583
0 0.798635 0.116667 0.040956 0.066667
0 0.877986 0.216667 0.042662 0.070833
0 0.531570 0.489583 0.059727 0.083333
0 0.726109 0.425000 0.042662 0.050000
0 0.367747 0.462500 0.046075 0.075000
0 0.356655 0.396875 0.058020 0.060417
0 0.349829 0.326042 0.047782 0.068750
0 0.329352 0.268750 0.054608 0.054167
0 0.198805 0.239583 0.039249 0.054167
0 0.177474 0.211458 0.040956 0.047917
0 0.976109 0.143750 0.047782 0.066667
0 0.866894 0.269792 0.054608 0.052083
0 0.960751 0.296875 0.058020 0.064583
0 0.499147 0.561458 0.042662 0.064583
0 0.769625 0.597917 0.058020 0.075000
0 0.836177 0.644792 0.054608 0.068750
0 0.920648 0.669792 0.059727 0.068750
0 0.925768 0.715625 0.066553 0.077083
0 0.957338 0.680208 0.044369 0.068750
0 0.496587 0.696875 0.061433 0.077083
0 0.665529 0.722917 0.058020 0.070833
0 0.715017 0.777083 0.071672 0.091667
0 0.722696 0.864583 0.080205 0.091667
0 0.813993 0.830208 0.061433 0.081250
0 0.866041 0.927083 0.073379 0.091667
0 0.552901 0.717708 0.051195 0.072917
0 0.430034 0.902083 0.061433 0.062500