3 0.396615 0.386574 0.045312 0.055556
3 0.098177 0.518519 0.039583 0.060185
3 0.294922 0.531713 0.035677 0.068056
3 0.837760 0.555324 0.060937 0.085648
3 0.824089 0.820833 0.062760 0.104630
3 0.578776 0.823148 0.060156 0.107407
3 0.417969 0.675694 0.053125 0.082870
3 0.482422 0.849537 0.076302 0.141667
3 0.431510 0.806481 0.053125 0.117593
3 0.546615 0.315046 0.039583 0.047685
3 0.548438 0.360185 0.039583 0.046296
3 0.561068 0.412500 0.035156 0.047222
3 0.502083 0.554861 0.042188 0.081944
3 0.474089 0.397454 0.037760 0.063426
3 0.408854 0.458333 0.053125 0.065741
3 0.370052 0.532870 0.050521 0.084259