0 0.956485 0.422917 0.063140 0.087500
0 0.902730 0.395833 0.054608 0.091667
0 0.857509 0.356250 0.046075 0.075000
0 0.811433 0.317708 0.056314 0.077083
0 0.861775 0.155208 0.051195 0.064583
0 0.935154 0.147917 0.054608 0.070833
0 0.360922 0.683333 0.063140 0.083333
0 0.377133 0.762500 0.058020 0.091667
0 0.461604 0.433333 0.052901 0.075000
0 0.591297 0.691667 0.059727 0.087500
0 0.639932 0.677083 0.068259 0.095833
0 0.560580 0.775000 0.076792 0.091667
0 0.527304 0.456250 0.071672 0.087500
0 0.469283 0.266667 0.051195 0.079167
0 0.512799 0.185417 0.073379 0.095833
0 0.837031 0.930208 0.073379 0.089583
0 0.918089 0.945833 0.092150 0.095833
0 0.940273 0.813542 0.088737 0.118750
0 0.963311 0.703125 0.073379 0.127083
0 0.899317 0.533333 0.068259 0.091667
0 0.752560 0.461458 0.092150 0.106250
0 0.756826 0.581250 0.107509 0.125000
0 0.770478 0.234375 0.063140 0.097917
0 0.867747 0.216667 0.080205 0.095833