3 0.877344 0.218287 0.050521 0.057870
3 0.795833 0.285185 0.041146 0.067593
1 0.564714 0.700231 0.075781 0.120833
3 0.386589 0.541435 0.052344 0.087500
3 0.439063 0.568056 0.055729 0.099074
3 0.531120 0.488657 0.054948 0.067130
3 0.496224 0.473843 0.051302 0.067130
3 0.541406 0.393519 0.047396 0.066667
3 0.608464 0.468750 0.057552 0.072685
3 0.654036 0.397454 0.041406 0.068056
3 0.628255 0.720370 0.073698 0.103704
3 0.707943 0.705324 0.062760 0.101389
3 0.968490 0.601157 0.063021 0.126389
3 0.555208 0.543287 0.053125 0.095833
3 0.472005 0.584491 0.051823 0.072685
3 0.805208 0.348843 0.061458 0.090278
3 0.753385 0.275463 0.053125 0.085185