3 0.710417 0.282407 0.053646 0.055556
3 0.926953 0.368519 0.078906 0.151852
3 0.698958 0.528935 0.069271 0.096759
3 0.572005 0.794907 0.051823 0.075926
3 0.757812 0.875231 0.099479 0.154167
3 0.531380 0.666667 0.051823 0.099074
3 0.338542 0.714815 0.052083 0.117593
3 0.385677 0.497454 0.047917 0.068056
3 0.366016 0.410185 0.038281 0.059259
3 0.358724 0.369444 0.040885 0.062037
3 0.278776 0.508333 0.048698 0.080556
3 0.172396 0.540972 0.058854 0.070833
3 0.197917 0.621296 0.077604 0.107407
3 0.063021 0.472222 0.061979 0.079630