3 0.377604 0.503009 0.042188 0.048611
3 0.417969 0.612731 0.035417 0.051389
3 0.658724 0.247685 0.032031 0.044444
3 0.827865 0.240509 0.045833 0.054167
3 0.683073 0.404398 0.046875 0.070833
3 0.420833 0.743981 0.050000 0.070370
3 0.520443 0.615972 0.036198 0.062500
3 0.467969 0.659028 0.044792 0.072685
3 0.506641 0.487731 0.035677 0.057870
3 0.615625 0.455093 0.038542 0.070370
3 0.873958 0.694676 0.076563 0.100463
3 0.789453 0.820139 0.062240 0.124537
3 0.735026 0.848380 0.067969 0.114352
3 0.473307 0.431481 0.029427 0.046296