0 0.189420 0.469792 0.075085 0.106250
0 0.195392 0.620833 0.073379 0.104167
0 0.781570 0.711458 0.068259 0.106250
0 0.541809 0.863542 0.042662 0.081250
0 0.325085 0.140625 0.063140 0.077083
0 0.484642 0.121875 0.081911 0.102083
0 0.069966 0.165625 0.075085 0.089583
0 0.152730 0.241667 0.052901 0.062500
0 0.199659 0.232292 0.054608 0.072917
0 0.156997 0.378125 0.061433 0.064583
0 0.418942 0.477083 0.073379 0.087500
0 0.442833 0.395833 0.052901 0.091667
0 0.496587 0.332292 0.058020 0.089583
0 0.541809 0.242708 0.093857 0.106250
0 0.309727 0.548958 0.066553 0.089583
0 0.217577 0.832292 0.080205 0.102083
0 0.185154 0.728125 0.073379 0.114583
0 0.755119 0.333333 0.046075 0.070833
0 0.594710 0.152083 0.049488 0.075000
0 0.536689 0.015625 0.056314 0.031250
0 0.452218 0.017708 0.064846 0.035417
0 0.392491 0.014583 0.044369 0.029167