3 0.484896 0.882870 0.050000 0.087963
3 0.396484 0.696991 0.033594 0.047685
3 0.646224 0.412500 0.037760 0.051852
3 0.826953 0.327546 0.040365 0.063426
3 0.418490 0.722222 0.033854 0.056481
3 0.435937 0.773843 0.040104 0.058796
3 0.858594 0.908565 0.077604 0.131019
3 0.731771 0.876389 0.074479 0.124074
3 0.743099 0.683796 0.054427 0.066667
3 0.685286 0.646528 0.048698 0.049537
3 0.756250 0.553009 0.051042 0.064352
3 0.715625 0.512269 0.045833 0.056944
3 0.651823 0.469213 0.036979 0.053241
3 0.587240 0.539352 0.029167 0.050926
3 0.540495 0.630556 0.038802 0.061111
3 0.956250 0.476157 0.045833 0.068981
3 0.829036 0.649306 0.043490 0.064352
3 0.550781 0.895833 0.065104 0.085185