0 0.840972 0.356790 0.134722 0.195062
1 0.899306 0.181481 0.131944 0.185185
1 0.938194 0.256790 0.123611 0.143210
1 0.455556 0.819753 0.097222 0.360494
1 0.541667 0.749383 0.166667 0.279012
1 0.544444 0.859259 0.183333 0.281481
1 0.682639 0.871605 0.159722 0.207407
1 0.815278 0.856790 0.211111 0.246914
1 0.859722 0.756790 0.250000 0.274074
1 0.953472 0.595062 0.093056 0.167901
1 0.917361 0.486420 0.165278 0.167901
1 0.678472 0.683951 0.187500 0.202469
1 0.615278 0.583951 0.119444 0.234568
1 0.606944 0.527160 0.136111 0.214815
1 0.697917 0.514815 0.093056 0.209877
1 0.757639 0.490123 0.098611 0.209877
1 0.828472 0.456790 0.101389 0.123457
1 0.589583 0.359259 0.134722 0.116049