0 0.288889 0.144444 0.066667 0.111111
0 0.710417 0.081481 0.118056 0.162963
0 0.449306 0.035802 0.065278 0.071605
3 0.485417 0.046914 0.073611 0.093827
3 0.617361 0.101235 0.087500 0.113580
3 0.523611 0.138272 0.086111 0.103704
0 0.556944 0.030864 0.088889 0.061728
1 0.564583 0.062963 0.159722 0.106173
1 0.856944 0.170370 0.127778 0.202469
1 0.959722 0.207407 0.080556 0.192593
1 0.754861 0.223457 0.162500 0.175309
1 0.701389 0.319753 0.127778 0.204938
1 0.384028 0.481481 0.284722 0.261728
0 0.427083 0.175309 0.084722 0.123457
0 0.316667 0.241975 0.100000 0.143210
0 0.147222 0.423457 0.100000 0.155556
3 0.214583 0.345679 0.076389 0.153086
1 0.039583 0.345679 0.079167 0.098765
3 0.031944 0.448148 0.063889 0.135802
3 0.063889 0.549383 0.125000 0.120988
1 0.060417 0.641975 0.120833 0.138272
1 0.063889 0.706173 0.125000 0.217284
0 0.186111 0.583951 0.144444 0.224691
0 0.181250 0.812346 0.137500 0.251852
0 0.073611 0.898765 0.147222 0.202469