0 0.829167 0.188889 0.061111 0.096296
0 0.040278 0.502469 0.080556 0.116049
0 0.075000 0.402469 0.075000 0.103704
0 0.134722 0.333333 0.080556 0.113580
0 0.188889 0.362963 0.077778 0.098765
0 0.160417 0.488889 0.081944 0.118519
1 0.247222 0.376543 0.080556 0.086420
0 0.254861 0.496296 0.065278 0.118519
3 0.338194 0.693827 0.126389 0.153086
0 0.329167 0.428395 0.066667 0.140741
0 0.289583 0.334568 0.054167 0.066667
0 0.296528 0.254321 0.048611 0.083951
0 0.238194 0.249383 0.051389 0.074074
0 0.338889 0.301235 0.052778 0.088889
0 0.384722 0.341975 0.061111 0.106173
0 0.388889 0.433333 0.072222 0.111111
0 0.420139 0.217284 0.048611 0.079012
0 0.470833 0.185185 0.061111 0.074074
0 0.480556 0.249383 0.072222 0.093827
0 0.442361 0.308642 0.076389 0.098765
1 0.513889 0.193827 0.044444 0.061728
0 0.461111 0.397531 0.080556 0.123457
0 0.528472 0.096296 0.037500 0.059259
3 0.553472 0.114815 0.045833 0.041975
0 0.713889 0.138272 0.055556 0.093827
0 0.663194 0.125926 0.051389 0.113580
0 0.604861 0.149383 0.059722 0.106173
0 0.588889 0.223457 0.055556 0.096296
0 0.609722 0.254321 0.058333 0.098765
3 0.643750 0.200000 0.065278 0.064198
0 0.675000 0.264198 0.063889 0.088889
0 0.668056 0.332099 0.069444 0.106173
1 0.943056 0.329630 0.088889 0.116049
0 0.888889 0.237037 0.077778 0.138272
1 0.797917 0.279012 0.109722 0.158025
1 0.725694 0.209877 0.118056 0.074074
0 0.868056 0.344444 0.088889 0.155556
0 0.959028 0.220988 0.081944 0.130864
0 0.043750 0.644444 0.087500 0.162963
1 0.763889 0.382716 0.102778 0.158025
1 0.700694 0.408642 0.090278 0.135802
0 0.759722 0.520988 0.125000 0.177778
0 0.643750 0.432099 0.090278 0.187654
0 0.508333 0.477778 0.097222 0.160494
1 0.574306 0.444444 0.076389 0.153086
1 0.197917 0.524691 0.076389 0.106173
0 0.209028 0.638272 0.073611 0.120988
0 0.170833 0.686420 0.080556 0.138272
1 0.184028 0.780247 0.179167 0.266667
0 0.246528 0.782716 0.112500 0.202469
1 0.288194 0.603704 0.090278 0.145679
0 0.414583 0.843210 0.154167 0.288889
1 0.485417 0.632099 0.176389 0.138272
1 0.463889 0.761728 0.155556 0.229630
1 0.735417 0.716049 0.123611 0.271605
0 0.213194 0.955556 0.143056 0.088889
0 0.609028 0.765432 0.148611 0.271605
0 0.621528 0.935802 0.193056 0.128395
0 0.945139 0.613580 0.109722 0.283951