0 0.269176 0.205729 0.078125 0.109375
0 0.197443 0.205729 0.068182 0.078125
0 0.203125 0.056424 0.056818 0.102431
0 0.024858 0.104167 0.049716 0.048611
0 0.102983 0.129340 0.058239 0.064236
0 0.098722 0.212674 0.061080 0.074653
0 0.179688 0.291667 0.058239 0.093750
0 0.181818 0.382812 0.071023 0.081597
0 0.105824 0.315104 0.058239 0.088542
0 0.046875 0.371528 0.071023 0.104167
0 0.105824 0.446181 0.055398 0.083333
0 0.593040 0.024306 0.083807 0.048611
0 0.622159 0.087674 0.071023 0.092014
0 0.807528 0.496528 0.075284 0.097222
0 0.891335 0.398438 0.100852 0.133681
2 0.286932 0.731771 0.096591 0.157986