0 0.119444 0.112346 0.063889 0.086420
1 0.928472 0.514815 0.118056 0.338272
1 0.908333 0.282716 0.091667 0.111111
3 0.963194 0.333333 0.073611 0.172840
3 0.963889 0.480247 0.072222 0.190123
0 0.723611 0.098765 0.086111 0.113580
0 0.708333 0.161728 0.080556 0.096296
0 0.917361 0.197531 0.140278 0.138272
0 0.786111 0.198765 0.105556 0.125926
1 0.706944 0.230864 0.136111 0.145679
0 0.819444 0.362963 0.113889 0.197531
0 0.702778 0.320988 0.100000 0.187654
1 0.609028 0.262963 0.098611 0.155556
1 0.648611 0.337037 0.086111 0.195062
0 0.433333 0.092593 0.086111 0.145679
0 0.368056 0.159259 0.075000 0.101235
0 0.213889 0.104938 0.083333 0.106173
3 0.580556 0.048148 0.108333 0.096296
0 0.059028 0.228395 0.087500 0.140741
3 0.400694 0.229630 0.093056 0.148148
3 0.423611 0.348148 0.102778 0.167901
3 0.320139 0.339506 0.101389 0.125926
0 0.231250 0.269136 0.109722 0.182716
0 0.125694 0.396296 0.123611 0.170370
1 0.800000 0.574074 0.116667 0.353086
1 0.722222 0.496296 0.283333 0.202469
0 0.459722 0.539506 0.138889 0.209877
3 0.589583 0.779012 0.190278 0.283951
1 0.653472 0.707407 0.223611 0.323457
1 0.776389 0.906173 0.366667 0.187654
1 0.320833 0.420988 0.127778 0.140741
1 0.168056 0.464198 0.172222 0.222222
1 0.038889 0.511111 0.077778 0.271605
1 0.102083 0.709877 0.129167 0.195062
1 0.195833 0.867901 0.191667 0.244444
1 0.375000 0.774074 0.125000 0.446914
1 0.303472 0.822222 0.176389 0.355556
0 0.137500 0.935802 0.172222 0.128395
3 0.302083 0.249383 0.070833 0.083951
3 0.121528 0.196296 0.070833 0.135802