2 0.585417 0.335802 0.301389 0.523457
0 0.504861 0.135802 0.145833 0.197531
0 0.422222 0.103704 0.111111 0.123457
0 0.417361 0.300000 0.118056 0.249383
0 0.815278 0.433333 0.250000 0.362963
1 0.329861 0.213580 0.195833 0.175309
1 0.213889 0.141975 0.113889 0.135802
3 0.091667 0.148148 0.100000 0.098765
3 0.345139 0.074074 0.118056 0.093827
3 0.773611 0.104938 0.175000 0.195062
3 0.677778 0.217284 0.119444 0.118519
1 0.580556 0.466667 0.275000 0.148148
3 0.949306 0.738272 0.101389 0.409877
3 0.268056 0.788889 0.175000 0.333333
0 0.190972 0.730864 0.259722 0.380247
0 0.161111 0.277778 0.136111 0.219753