3 0.183333 0.711111 0.097222 0.128395
1 0.645139 0.933333 0.137500 0.133333
1 0.472222 0.818519 0.127778 0.274074
1 0.634722 0.727160 0.211111 0.387654
0 0.525000 0.679012 0.141667 0.251852
0 0.295139 0.886420 0.148611 0.227160
0 0.329861 0.729630 0.168056 0.209877
0 0.792361 0.460494 0.126389 0.214815
1 0.167361 0.916049 0.143056 0.162963
1 0.161111 0.834568 0.141667 0.182716
0 0.933333 0.246914 0.083333 0.138272
1 0.963194 0.338272 0.073611 0.197531
1 0.906250 0.453086 0.173611 0.224691
0 0.732639 0.351852 0.104167 0.135802
1 0.835417 0.307407 0.148611 0.120988
0 0.858333 0.255556 0.080556 0.106173
1 0.686111 0.260494 0.105556 0.111111
1 0.629861 0.249383 0.068056 0.093827
0 0.603472 0.224691 0.070833 0.113580
1 0.777778 0.253086 0.108333 0.086420
3 0.051389 0.616049 0.097222 0.096296
1 0.036111 0.716049 0.072222 0.123457
1 0.136111 0.696296 0.161111 0.187654
1 0.309028 0.520988 0.090278 0.177778
0 0.380556 0.486420 0.091667 0.177778
0 0.422222 0.276543 0.066667 0.093827
1 0.447222 0.337037 0.066667 0.116049
0 0.514583 0.146914 0.051389 0.081481
0 0.668750 0.124691 0.079167 0.091358
0 0.763889 0.104938 0.069444 0.091358
0 0.826389 0.149383 0.077778 0.091358
0 0.404167 0.166667 0.050000 0.096296
0 0.261111 0.372840 0.058333 0.088889
0 0.327778 0.308642 0.072222 0.083951
1 0.288889 0.383951 0.091667 0.125926
1 0.189583 0.590123 0.098611 0.113580
0 0.126389 0.561728 0.091667 0.140741
0 0.178472 0.512346 0.084722 0.135802
0 0.034722 0.562963 0.069444 0.167901
1 0.529167 0.307407 0.072222 0.066667
1 0.652083 0.429630 0.129167 0.237037
1 0.622917 0.479012 0.065278 0.207407
1 0.559028 0.440741 0.073611 0.244444