0 0.254167 0.098765 0.138889 0.197531
1 0.436806 0.093827 0.320833 0.187654
1 0.317361 0.238272 0.237500 0.160494
1 0.120139 0.072840 0.201389 0.145679
1 0.120833 0.251852 0.152778 0.330864
1 0.035417 0.227160 0.070833 0.246914
0 0.504167 0.259259 0.183333 0.266667
0 0.733333 0.144444 0.177778 0.259259
1 0.923611 0.059259 0.152778 0.118519
1 0.897222 0.219753 0.205556 0.246914
3 0.948611 0.348148 0.102778 0.281481
0 0.509028 0.748148 0.309722 0.498765
1 0.806944 0.669136 0.244444 0.656790
1 0.675694 0.276543 0.179167 0.197531
1 0.577083 0.506173 0.281944 0.375309
1 0.297222 0.449383 0.169444 0.271605
1 0.315278 0.812346 0.133333 0.375309