1 0.495139 0.872840 0.065278 0.170370
3 0.519444 0.744444 0.066667 0.096296
3 0.764583 0.867901 0.043056 0.091358
0 0.792361 0.906173 0.068056 0.133333
0 0.556250 0.925926 0.079167 0.138272
1 0.591667 0.767901 0.086111 0.167901
3 0.958333 0.625926 0.077778 0.135802
0 0.955556 0.539506 0.069444 0.111111
3 0.959722 0.465432 0.055556 0.076543
0 0.971528 0.420988 0.056944 0.071605
0 0.795139 0.633333 0.070833 0.116049
2 0.748611 0.700000 0.100000 0.150617
3 0.865278 0.607407 0.075000 0.098765
3 0.836806 0.495062 0.056944 0.076543
3 0.905556 0.372840 0.058333 0.054321
3 0.921528 0.438272 0.051389 0.081481
3 0.759722 0.469136 0.052778 0.088889
3 0.778472 0.423457 0.037500 0.081481
3 0.713194 0.635802 0.065278 0.106173
3 0.693750 0.549383 0.062500 0.106173
3 0.531250 0.583951 0.059722 0.091358
3 0.577778 0.543210 0.072222 0.113580
3 0.645139 0.496296 0.048611 0.079012
3 0.676389 0.475309 0.047222 0.066667
3 0.690278 0.425926 0.055556 0.046914
0 0.743750 0.403704 0.043056 0.071605
0 0.700000 0.381481 0.050000 0.076543
0 0.820139 0.395062 0.054167 0.093827
0 0.815972 0.314815 0.048611 0.071605
0 0.781944 0.344444 0.052778 0.086420
0 0.750694 0.333333 0.048611 0.083951
0 0.679167 0.728395 0.075000 0.133333
0 0.643750 0.669136 0.062500 0.108642
0 0.583333 0.695062 0.052778 0.086420
0 0.486111 0.695062 0.061111 0.101235
0 0.420139 0.703704 0.056944 0.103704
1 0.429861 0.758025 0.076389 0.138272
3 0.363194 0.769136 0.068056 0.106173
3 0.629167 0.287654 0.044444 0.066667
3 0.580556 0.301235 0.041667 0.074074
3 0.546528 0.424691 0.048611 0.079012
3 0.462500 0.467901 0.055556 0.081481
3 0.425694 0.585185 0.062500 0.079012
3 0.381944 0.628395 0.063889 0.106173
3 0.344444 0.525926 0.063889 0.103704
1 0.314583 0.653086 0.090278 0.116049
1 0.253472 0.730864 0.043056 0.143210
1 0.204861 0.964198 0.079167 0.071605
0 0.240278 0.907407 0.086111 0.116049
3 0.188194 0.783951 0.070833 0.071605
3 0.209722 0.851852 0.080556 0.103704