1 0.563889 0.425926 0.127778 0.209877
1 0.688889 0.586420 0.225000 0.190123
1 0.518750 0.656790 0.104167 0.355556
1 0.358333 0.411111 0.122222 0.081481
3 0.444444 0.437037 0.108333 0.069136
3 0.361111 0.533333 0.119444 0.118519
3 0.365278 0.644444 0.144444 0.167901
3 0.338194 0.895062 0.209722 0.209877
3 0.765278 0.341975 0.122222 0.155556
3 0.806944 0.476543 0.136111 0.143210
3 0.857639 0.055556 0.073611 0.066667
3 0.861806 0.162963 0.084722 0.118519
3 0.947917 0.148148 0.093056 0.103704
3 0.888194 0.654321 0.184722 0.207407
3 0.968056 0.577778 0.063889 0.197531
1 0.934028 0.914815 0.131944 0.170370
3 0.829167 0.956790 0.161111 0.086420