3 0.055556 0.067901 0.100000 0.106173
3 0.151389 0.046914 0.077778 0.093827
0 0.440972 0.070370 0.087500 0.135802
0 0.306250 0.083951 0.087500 0.138272
0 0.370833 0.171605 0.116667 0.185185
3 0.359028 0.409877 0.115278 0.158025
3 0.264583 0.546914 0.126389 0.185185
0 0.162500 0.190123 0.111111 0.153086
0 0.220139 0.229630 0.084722 0.113580
3 0.288889 0.260494 0.105556 0.125926
3 0.221528 0.348148 0.093056 0.182716
3 0.131250 0.303704 0.123611 0.113580
3 0.047222 0.291358 0.094444 0.098765
3 0.047917 0.406173 0.095833 0.180247
3 0.029861 0.548148 0.059722 0.133333
3 0.048611 0.707407 0.097222 0.288889
3 0.287500 0.741975 0.163889 0.274074
3 0.491667 0.309877 0.102778 0.155556
3 0.550694 0.139506 0.120833 0.096296
3 0.567361 0.243210 0.104167 0.160494
3 0.622222 0.318519 0.091667 0.148148
0 0.677083 0.206173 0.118056 0.175309
0 0.594444 0.456790 0.113889 0.271605
0 0.542361 0.582716 0.173611 0.197531
0 0.720139 0.538272 0.151389 0.241975
1 0.425694 0.761728 0.126389 0.422222
3 0.552083 0.779012 0.193056 0.358025
3 0.757639 0.220988 0.095833 0.140741
1 0.722222 0.364198 0.166667 0.214815
3 0.866667 0.543210 0.186111 0.261728
0 0.920139 0.070370 0.120833 0.140741
3 0.822222 0.065432 0.097222 0.096296
3 0.953472 0.161728 0.093056 0.160494