1 0.326389 0.523457 0.080556 0.237037
1 0.695139 0.841975 0.231944 0.316049
1 0.810417 0.823457 0.251389 0.353086
1 0.856944 0.606173 0.286111 0.239506
1 0.495139 0.437037 0.143056 0.227160
1 0.564583 0.427160 0.109722 0.128395
1 0.633333 0.580247 0.169444 0.320988
1 0.929167 0.411111 0.141667 0.254321
1 0.770833 0.483951 0.180556 0.276543
1 0.419444 0.524691 0.200000 0.279012
1 0.594444 0.353086 0.133333 0.192593
1 0.447917 0.192593 0.115278 0.118519
1 0.471528 0.275309 0.170833 0.204938
1 0.596528 0.200000 0.129167 0.103704
1 0.791667 0.245679 0.244444 0.140741
1 0.747917 0.175309 0.206944 0.118519
0 0.625694 0.106173 0.090278 0.143210
1 0.730556 0.056790 0.125000 0.113580
0 0.834722 0.086420 0.113889 0.162963