2 0.380556 0.253086 0.091667 0.101235
1 0.334722 0.332099 0.077778 0.160494
1 0.240278 0.519753 0.094444 0.293827
1 0.400694 0.428395 0.215278 0.175309
3 0.117361 0.428395 0.129167 0.101235
3 0.106944 0.538272 0.147222 0.138272
3 0.068750 0.772840 0.137500 0.276543
0 0.077083 0.922222 0.154167 0.155556
3 0.511806 0.225926 0.118056 0.130864
3 0.522222 0.330864 0.116667 0.113580
3 0.548611 0.459259 0.144444 0.187654
3 0.675694 0.397531 0.145833 0.172840
3 0.638889 0.067901 0.066667 0.106173
3 0.712500 0.058025 0.077778 0.086420
3 0.788889 0.228395 0.113889 0.135802
1 0.815278 0.141975 0.116667 0.086420
3 0.982639 0.198765 0.034722 0.120988
3 0.855556 0.059259 0.091667 0.103704
1 0.619444 0.758025 0.300000 0.380247
0 0.645139 0.648148 0.173611 0.259259
3 0.421528 0.841975 0.184722 0.316049
3 0.827778 0.519753 0.180556 0.229630
3 0.972917 0.512346 0.054167 0.209877
0 0.881250 0.806173 0.231944 0.387654