0 0.293056 0.230864 0.147222 0.259259
0 0.259722 0.119753 0.161111 0.180247
0 0.405556 0.100000 0.094444 0.165432
0 0.070833 0.245679 0.141667 0.204938
1 0.184028 0.069136 0.126389 0.108642
3 0.070833 0.069136 0.091667 0.113580
3 0.174306 0.324691 0.159722 0.175309
3 0.063194 0.450617 0.126389 0.244444
3 0.229861 0.554321 0.162500 0.214815
3 0.080556 0.753086 0.161111 0.286420
3 0.077778 0.943210 0.155556 0.113580
0 0.697917 0.261728 0.162500 0.227160
3 0.546528 0.186420 0.118056 0.096296
3 0.543056 0.327160 0.150000 0.209877
3 0.429861 0.418519 0.140278 0.170370
3 0.605556 0.439506 0.119444 0.222222
3 0.817361 0.293827 0.120833 0.162963
3 0.947917 0.038272 0.104167 0.076543
3 0.886806 0.114815 0.137500 0.125926
3 0.928472 0.801235 0.140278 0.397531
1 0.775694 0.512346 0.273611 0.343210
0 0.779861 0.780247 0.298611 0.439506
0 0.568750 0.658025 0.206944 0.481481
0 0.435417 0.862963 0.337500 0.274074