0 0.715017 0.415625 0.047782 0.056250
0 0.657850 0.400000 0.049488 0.054167
0 0.564846 0.412500 0.044369 0.045833
0 0.499147 0.432292 0.042662 0.056250
0 0.508532 0.372917 0.051195 0.050000
0 0.305461 0.272917 0.047782 0.050000
0 0.302048 0.487500 0.054608 0.054167
0 0.392491 0.689583 0.068259 0.075000
0 0.385666 0.766667 0.061433 0.091667
0 0.279010 0.929167 0.059727 0.066667
0 0.284983 0.865625 0.061433 0.089583
0 0.204778 0.950000 0.051195 0.070833
0 0.158703 0.859375 0.051195 0.072917
0 0.115188 0.912500 0.049488 0.066667
0 0.287543 0.635417 0.056314 0.058333
0 0.243174 0.642708 0.042662 0.047917
0 0.034130 0.843750 0.061433 0.083333
0 0.041809 0.762500 0.056314 0.070833
0 0.269625 0.311458 0.054608 0.064583
0 0.201365 0.451042 0.044369 0.077083
0 0.119454 0.435417 0.054608 0.062500
0 0.106655 0.344792 0.056314 0.047917
0 0.097270 0.269792 0.047782 0.052083
0 0.033276 0.336458 0.049488 0.064583
0 0.046075 0.446875 0.064846 0.052083