1 0.854861 0.034568 0.151389 0.069136
0 0.035417 0.161728 0.068056 0.111111
1 0.086806 0.083951 0.081944 0.148148
0 0.149306 0.075309 0.106944 0.130864
0 0.082639 0.222222 0.123611 0.138272
3 0.179861 0.130864 0.104167 0.088889
3 0.152083 0.343210 0.137500 0.192593
1 0.042361 0.427160 0.079167 0.271605
0 0.274306 0.079012 0.095833 0.158025
3 0.359722 0.083951 0.102778 0.108642
0 0.438194 0.119753 0.123611 0.209877
0 0.697222 0.124691 0.183333 0.244444
0 0.500694 0.253086 0.151389 0.214815
1 0.568750 0.122222 0.140278 0.229630
1 0.618750 0.341975 0.226389 0.259259
3 0.583333 0.458025 0.197222 0.303704
3 0.629167 0.796296 0.283333 0.407407
1 0.843750 0.420988 0.176389 0.520988
1 0.820833 0.785185 0.219444 0.409877
0 0.915972 0.365432 0.168056 0.400000
0 0.764583 0.902469 0.323611 0.195062