0 0.241667 0.048148 0.091667 0.096296
3 0.085417 0.403704 0.165278 0.209877
3 0.138889 0.206173 0.141667 0.111111
3 0.377083 0.324691 0.115278 0.135802
0 0.601389 0.141975 0.147222 0.214815
0 0.329167 0.467901 0.194444 0.249383
3 0.536111 0.324691 0.163889 0.170370
3 0.498611 0.524691 0.175000 0.244444
3 0.318056 0.733333 0.177778 0.335802
3 0.150694 0.669136 0.234722 0.246914
3 0.721528 0.275309 0.173611 0.214815
3 0.850694 0.161728 0.201389 0.229630
3 0.693750 0.808642 0.334722 0.382716
3 0.797917 0.565432 0.254167 0.340741
0 0.139583 0.851852 0.273611 0.296296
0 0.945833 0.644444 0.108333 0.414815
0 0.940278 0.343210 0.119444 0.330864