1 0.565278 0.282716 0.041667 0.130864
3 0.163889 0.476543 0.075000 0.113580
0 0.855556 0.858025 0.230556 0.283951
0 0.882639 0.682716 0.170833 0.259259
1 0.777083 0.601235 0.106944 0.096296
1 0.793750 0.548148 0.251389 0.158025
1 0.629167 0.545679 0.158333 0.118519
3 0.733333 0.714815 0.144444 0.239506
3 0.605556 0.617284 0.127778 0.182716
1 0.151389 0.935802 0.230556 0.128395
0 0.747917 0.438272 0.112500 0.155556
0 0.852778 0.433333 0.119444 0.195062
3 0.793750 0.338272 0.109722 0.093827
1 0.779861 0.295062 0.081944 0.145679
1 0.919444 0.248148 0.147222 0.145679
1 0.831944 0.158025 0.127778 0.113580
3 0.654167 0.400000 0.133333 0.123457
0 0.629167 0.334568 0.088889 0.135802
0 0.729861 0.176543 0.084722 0.155556
0 0.056250 0.850617 0.109722 0.224691
3 0.069444 0.696296 0.105556 0.207407
0 0.027083 0.602469 0.054167 0.108642
0 0.176389 0.598765 0.097222 0.140741
0 0.487500 0.570370 0.113889 0.187654
0 0.377083 0.523457 0.087500 0.158025
1 0.382639 0.414815 0.076389 0.079012
1 0.321528 0.422222 0.068056 0.123457
0 0.424306 0.386420 0.079167 0.120988
3 0.265278 0.549383 0.088889 0.150617
3 0.083333 0.520988 0.088889 0.118519
0 0.048611 0.454321 0.066667 0.118519
0 0.251389 0.409877 0.069444 0.098765
0 0.202083 0.329630 0.065278 0.081481
1 0.445833 0.283951 0.091667 0.088889
1 0.443750 0.229630 0.098611 0.079012
0 0.532639 0.238272 0.098611 0.165432
3 0.729861 0.035802 0.076389 0.071605
0 0.631944 0.164198 0.052778 0.091358
0 0.279861 0.302469 0.065278 0.111111
3 0.202778 0.792593 0.141667 0.212346
0 0.508333 0.076543 0.044444 0.098765