3 0.972917 0.510648 0.061458 0.080556
3 1.180469 0.396759 0.057813 0.097222
3 1.196094 0.483796 0.073438 0.097222
3 0.509375 1.129630 0.098958 0.129630
3 1.258073 1.760648 0.193229 0.276852
3 1.440365 1.667593 0.166146 0.246296
3 1.722135 1.843519 0.244271 0.246296
3 1.859375 1.268981 0.211458 0.217593
3 1.501302 1.099537 0.183854 0.236111
3 1.441667 1.327315 0.160417 0.230556
3 1.026563 1.506481 0.145833 0.207407
3 0.931250 1.673148 0.164583 0.231481
3 1.161458 1.168519 0.142708 0.155556
3 1.217188 0.912963 0.138542 0.187037
3 1.354688 0.981019 0.154167 0.189815
3 1.737500 0.885648 0.109375 0.143519
3 1.817187 0.597685 0.115625 0.139815
3 1.713542 0.700926 0.116667 0.135185
3 1.742448 0.646759 0.099479 0.125000
3 1.488281 0.679167 0.084896 0.106481
3 1.165104 0.687037 0.086458 0.096296
3 1.112240 0.765741 0.084896 0.083333
3 0.647917 0.802778 0.112500 0.142593
3 0.576823 1.036574 0.082812 0.150926
3 0.811458 1.349074 0.119792 0.155556
3 0.244271 1.000463 0.071875 0.136111
3 0.052344 1.635648 0.103646 0.223148
3 0.890625 0.485185 0.083333 0.081481
3 0.808333 1.818981 0.131250 0.223148
3 0.894271 0.552315 0.055208 0.078704