0 0.063281 0.209722 0.031771 0.049074
0 0.724219 0.811111 0.091146 0.164815
0 0.963281 0.509259 0.069271 0.094444
0 0.796875 0.034259 0.044792 0.068519
0 0.750781 0.127315 0.033854 0.047222
0 0.696094 0.148611 0.039062 0.054630
0 0.570833 0.278704 0.044792 0.057407
0 0.598437 0.211111 0.053125 0.096296
0 0.560937 0.157870 0.036458 0.050926
0 0.466667 0.440278 0.048958 0.089815
0 0.085677 0.478704 0.060937 0.062963
0 0.245833 0.147685 0.032292 0.045370
0 0.279687 0.068981 0.035417 0.052778
1 0.721354 0.605556 0.156250 0.259259
2 0.149740 0.095833 0.041146 0.063889
2 0.524740 0.243056 0.069271 0.093519
2 0.853906 0.619444 0.115104 0.187037