0 0.291927 0.187963 0.019271 0.038889
0 0.275521 0.175926 0.016667 0.040741
0 0.261719 0.158333 0.014063 0.033333
0 0.247656 0.141204 0.017188 0.034259
0 0.263021 0.068981 0.015625 0.028704
0 0.285417 0.065741 0.016667 0.031481
0 0.110156 0.303704 0.019271 0.037037
0 0.115104 0.338889 0.017708 0.040741
0 0.140885 0.192593 0.016146 0.033333
0 0.180469 0.307407 0.018229 0.038889
0 0.195312 0.300926 0.020833 0.042593
0 0.171094 0.344444 0.023438 0.040741
0 0.160938 0.202778 0.021875 0.038889
0 0.143229 0.118519 0.015625 0.035185
0 0.156510 0.082407 0.022396 0.042593
0 0.255469 0.413426 0.022396 0.039815
0 0.280208 0.420370 0.028125 0.042593
0 0.286979 0.361574 0.027083 0.052778
0 0.294010 0.312500 0.022396 0.056481
0 0.274479 0.237037 0.020833 0.040741
0 0.229687 0.205093 0.028125 0.047222
0 0.230990 0.258333 0.032813 0.055556
0 0.235156 0.104167 0.019271 0.043519
0 0.264844 0.096296 0.024479 0.042593