0 0.496094 0.574074 0.048438 0.072222
0 0.559896 0.417130 0.042708 0.058333
0 0.552604 0.460185 0.044792 0.057407
0 0.600000 0.439352 0.060417 0.082407
0 0.633073 0.481944 0.063021 0.104630
0 0.727865 0.499074 0.046354 0.050000
0 0.625260 0.651852 0.095312 0.131481
0 0.517188 0.718056 0.054167 0.062037
0 0.423698 0.914815 0.068229 0.135185
0 0.309375 0.551389 0.051042 0.054630
2 0.483073 0.471759 0.071354 0.067593
2 0.563542 0.532870 0.093750 0.110185
2 0.519531 0.634259 0.074479 0.100000
2 0.593750 0.605556 0.079167 0.105556
2 0.661198 0.571759 0.070312 0.063889
2 0.564583 0.778704 0.109375 0.124074
2 0.419792 0.826389 0.072917 0.080556
2 0.498698 0.897222 0.098437 0.200000