1 1.605208 1.918981 0.187500 0.162037
3 0.142187 1.661111 0.128125 0.209259
0 1.944792 0.275463 0.110417 0.387963
0 1.808073 0.256944 0.195312 0.347222
0 1.611198 0.253704 0.222396 0.312963
1 1.575000 0.193056 0.345833 0.182407
0 1.364323 0.143056 0.200521 0.286111
0 1.266146 0.335648 0.192708 0.337963
0 1.439323 0.392593 0.173437 0.320370
0 1.371875 0.550926 0.148958 0.292593
0 1.274479 0.641204 0.134375 0.271296
0 1.268490 1.127778 0.156771 0.285185
0 1.175260 0.869907 0.178646 0.347222
0 1.092448 0.620833 0.189062 0.358333
3 1.095052 0.125463 0.114062 0.143519
3 0.275781 1.233333 0.096354 0.185185
2 0.038021 0.912500 0.076042 0.280556
2 0.611458 0.724074 0.134375 0.294444
2 0.716406 0.454630 0.190104 0.200000
1 1.247917 1.763426 0.234375 0.280556
1 1.436198 1.268519 0.221354 0.475926
0 1.501562 0.907407 0.139583 0.262963
0 1.646094 0.933796 0.147396 0.260185
0 1.907031 0.862037 0.141146 0.294444
1 1.651302 1.054167 0.243229 0.349074
1 0.802865 1.365278 0.193229 0.136111
3 1.900781 1.744907 0.198437 0.326852