3 0.356250 0.068519 0.037500 0.068519
0 0.346094 0.150000 0.057813 0.151852
0 0.304688 0.036574 0.079167 0.073148
1 0.314844 0.182407 0.080729 0.220370
0 0.292448 0.323611 0.078646 0.102778
1 0.251823 0.262500 0.106771 0.080556
0 0.258333 0.176852 0.039583 0.114815
3 0.258073 0.072222 0.049479 0.116667
0 0.213542 0.109722 0.060417 0.121296
0 0.195052 0.030093 0.049479 0.060185
0 0.169271 0.067130 0.057292 0.099074
3 0.201823 0.213426 0.063021 0.087963
3 0.175260 0.164815 0.026562 0.100000
3 0.096875 0.037037 0.060417 0.074074
0 0.143229 0.138889 0.062500 0.105556
0 0.067708 0.100926 0.056250 0.100000
0 0.155729 0.258333 0.053125 0.092593
0 0.198698 0.315278 0.071354 0.100926
1 0.068490 0.305556 0.042188 0.138889
1 0.110156 0.277778 0.055729 0.168519
3 0.066406 0.353704 0.040104 0.042593
3 0.048698 0.286574 0.030729 0.097222
1 0.039844 0.222685 0.059896 0.115741
0 0.018229 0.118056 0.036458 0.087963