2 0.401562 0.479167 0.044792 0.045370
2 0.477344 0.809722 0.067187 0.112037
0 0.501042 0.079630 0.021875 0.031481
0 0.595313 0.096296 0.018750 0.037037
0 0.568490 0.144907 0.025521 0.039815
0 0.464583 0.117593 0.020833 0.051852
0 0.350000 0.288426 0.029167 0.049074
0 0.369010 0.341204 0.033854 0.050926
0 0.298698 0.645833 0.030729 0.039815
0 0.350521 0.561111 0.030208 0.046296
0 0.739844 0.420370 0.034896 0.055556
0 0.893229 0.497685 0.036458 0.062037
0 0.770312 0.555556 0.046875 0.059259
0 0.682813 0.661574 0.052083 0.067593
0 0.287500 0.907407 0.052083 0.096296