1 0.395833 0.159722 0.040625 0.047222
0 0.665104 0.192130 0.030208 0.043519
0 0.620052 0.153241 0.028646 0.043519
0 0.930729 0.244907 0.038542 0.047222
0 0.960938 0.329630 0.043750 0.070370
0 0.714844 0.276852 0.035937 0.048148
0 0.555729 0.195370 0.030208 0.044444
0 0.585677 0.281019 0.034896 0.065741
0 0.630208 0.402315 0.048958 0.086111
0 0.679167 0.679167 0.056250 0.110185
0 0.232292 0.308333 0.036458 0.046296
0 0.116406 0.275926 0.058854 0.053704
2 0.056250 0.293981 0.062500 0.052778
2 0.360677 0.242593 0.070312 0.044444
2 0.880990 0.358796 0.064062 0.050926
1 0.843229 0.237500 0.100000 0.097222