1 0.082812 0.259259 0.035417 0.027778
0 0.077604 0.134259 0.015625 0.022222
0 0.057552 0.209259 0.025521 0.038889
0 0.098958 0.324074 0.026042 0.038889
0 0.078646 0.302315 0.025000 0.019444
0 0.223177 0.217130 0.022396 0.045370
0 0.249479 0.169444 0.018750 0.033333
0 0.287760 0.323148 0.030729 0.046296
0 0.008333 0.103704 0.016667 0.025926
0 0.008073 0.263426 0.015104 0.025000
0 0.183854 0.033333 0.010417 0.018519
2 0.011979 0.292130 0.023958 0.034259
2 0.038802 0.224537 0.017188 0.026852
2 0.067187 0.232870 0.023958 0.028704
2 0.033073 0.051852 0.018229 0.024074
2 0.136719 0.041667 0.028646 0.038889
2 0.296094 0.136111 0.021354 0.025926
2 0.344531 0.175000 0.033854 0.031481
2 0.243490 0.211111 0.019271 0.033333
2 0.316146 0.082407 0.019792 0.022222
2 0.165365 0.136574 0.017188 0.026852
1 0.201302 0.293981 0.022396 0.058333
1 0.355469 0.166204 0.038021 0.056481
1 0.330729 0.331481 0.031250 0.074074