2 0.397135 0.263889 0.050521 0.059259
2 0.541146 0.430556 0.054167 0.066667
1 0.183854 0.749537 0.172917 0.145370
1 0.768750 0.609722 0.063542 0.063889
1 0.361979 0.374074 0.130208 0.057407
1 0.338021 0.298148 0.097917 0.103704
0 0.077344 0.406944 0.049479 0.058333
0 0.068229 0.352315 0.030208 0.043519
0 0.241406 0.154630 0.024479 0.046296
0 0.432552 0.239352 0.040104 0.062037
0 0.431250 0.199074 0.037500 0.051852
0 0.400000 0.195833 0.029167 0.041667
0 0.348177 0.264352 0.031771 0.062037
2 0.263542 0.375926 0.061458 0.059259
2 0.341406 0.605093 0.074479 0.100926
2 0.667708 0.759722 0.071875 0.128704
2 0.680208 0.635185 0.080208 0.131481