2 0.207552 0.342593 0.033854 0.064815
0 0.054427 0.056019 0.032813 0.062037
0 0.146615 0.257407 0.028646 0.044444
0 0.178906 0.265741 0.025521 0.040741
0 0.215104 0.224074 0.022917 0.046296
0 0.249479 0.289352 0.023958 0.041667
0 0.077865 0.327778 0.038021 0.055556
0 0.292969 0.314815 0.026562 0.048148
0 0.239323 0.131944 0.024479 0.039815
0 0.242448 0.216204 0.014063 0.036111
0 0.267188 0.147222 0.018750 0.053704
0 0.279948 0.118519 0.017188 0.042593
0 0.269010 0.089352 0.020313 0.037963
0 0.275260 0.055093 0.023438 0.034259