2 0.191667 0.825000 0.032292 0.055556
0 0.102344 0.299074 0.047396 0.072222
0 0.154948 0.468519 0.048438 0.081481
0 0.348438 0.340741 0.040625 0.057407
0 0.496094 0.460648 0.027604 0.043519
0 0.599479 0.432870 0.033333 0.045370
0 0.560937 0.450926 0.042708 0.074074
0 0.487760 0.511111 0.026562 0.046296
0 0.461458 0.634259 0.038542 0.079630
0 0.303906 0.595833 0.035937 0.054630
2 0.289844 0.689352 0.052604 0.076852
2 0.378906 0.531019 0.042188 0.065741
2 0.426823 0.535185 0.052604 0.083333
2 0.699479 0.897685 0.069792 0.126852