1 0.166927 0.103704 0.019271 0.022222
0 0.225000 0.085648 0.011458 0.023148
0 0.211979 0.112500 0.011458 0.023148
0 0.192969 0.099537 0.015104 0.030556
0 0.117708 0.068056 0.014583 0.025000
0 0.116406 0.097222 0.015104 0.025926
0 0.127865 0.085648 0.015104 0.026852
2 0.076042 0.234259 0.027083 0.031481
0 0.332031 0.142130 0.023438 0.023148
0 0.166406 0.147222 0.036979 0.051852
0 0.157552 0.194444 0.039062 0.062963
0 0.179688 0.294444 0.028125 0.062963
1 0.272135 0.140278 0.034896 0.037963
1 0.359635 0.225463 0.030729 0.058333
2 0.138542 0.219907 0.020833 0.036111
0 0.068229 0.194444 0.023958 0.035185
0 0.104427 0.233333 0.031771 0.048148