0 0.118750 0.256019 0.017708 0.019444
2 0.157292 0.155556 0.012500 0.022222
2 0.185677 0.144907 0.016146 0.026852
2 0.190625 0.112037 0.019792 0.031481
2 0.239063 0.115741 0.021875 0.038889
2 0.282813 0.050463 0.030208 0.047222
2 0.220312 0.018981 0.022917 0.037963
0 0.296615 0.179630 0.033854 0.040741
0 0.010417 0.158796 0.019792 0.043519
0 0.009896 0.213426 0.019792 0.026852
0 0.094271 0.211574 0.032292 0.036111
0 0.141406 0.236111 0.019271 0.025926
0 0.199219 0.242130 0.025521 0.032407
0 0.179427 0.295833 0.020313 0.021296
0 0.186458 0.350000 0.013542 0.016667
0 0.173177 0.364815 0.008854 0.012963
0 0.202604 0.354167 0.010417 0.013889
0 0.237760 0.340741 0.016146 0.020370
0 0.256250 0.349537 0.011458 0.013889
0 0.286719 0.316204 0.015104 0.021296
0 0.277344 0.258796 0.023438 0.025000
0 0.247135 0.239352 0.025521 0.030556
0 0.349479 0.258796 0.016667 0.017593
3 0.225521 0.268981 0.010417 0.010185
3 0.335156 0.205093 0.011979 0.012037