2 0.466667 0.153704 0.053125 0.079630
1 0.650000 0.236111 0.086458 0.085185
0 0.148958 0.695833 0.048958 0.069444
0 0.265365 0.481944 0.034896 0.056481
0 0.294792 0.552315 0.037500 0.063889
0 0.548698 0.178241 0.042188 0.058333
0 0.756250 0.079167 0.032292 0.054630
0 0.902083 0.099074 0.040625 0.046296
0 0.518750 0.707870 0.039583 0.073148
0 0.684375 0.513426 0.038542 0.065741
0 0.696875 0.618056 0.063542 0.110185
0 0.903385 0.517593 0.050521 0.079630
0 0.723958 0.764352 0.053125 0.080556
2 0.671094 0.773148 0.090104 0.112963