3 1.754687 0.436574 0.101042 0.115741
3 1.591667 0.570370 0.082292 0.135185
1 1.129427 1.400463 0.151562 0.241667
3 0.773177 1.082870 0.104688 0.175000
3 0.878125 1.136111 0.111458 0.198148
3 1.062240 0.977315 0.109896 0.134259
3 0.992448 0.947685 0.102604 0.134259
3 1.082812 0.787037 0.094792 0.133333
3 1.216927 0.937500 0.115104 0.145370
3 1.308073 0.794907 0.082812 0.136111
3 1.256510 1.440741 0.147396 0.207407
3 1.415885 1.410648 0.125521 0.202778
3 1.936979 1.202315 0.126042 0.252778
3 1.110417 1.086574 0.106250 0.191667
3 0.944010 1.168981 0.103646 0.145370
3 1.610417 0.697685 0.122917 0.180556
3 1.506771 0.550926 0.106250 0.170370