2 0.108594 0.149074 0.028646 0.035185
2 0.337240 0.121759 0.025521 0.028704
2 0.226823 0.133333 0.020313 0.029630
2 0.257552 0.139352 0.023438 0.032407
2 0.230469 0.301389 0.025521 0.049074
2 0.253385 0.239352 0.025521 0.041667
0 0.208073 0.243056 0.023438 0.039815
0 0.260156 0.050000 0.015104 0.022222
0 0.235417 0.100463 0.014583 0.023148
0 0.218229 0.100000 0.013542 0.022222
0 0.190365 0.011111 0.011979 0.022222
0 0.175260 0.039352 0.014063 0.025000
0 0.150521 0.056481 0.013542 0.022222
0 0.150000 0.143056 0.015625 0.026852
0 0.071615 0.146759 0.025521 0.032407
0 0.042708 0.048611 0.016667 0.025000