2 0.097656 1.471296 0.195312 0.281481
3 0.766667 0.938889 0.089583 0.144444
3 0.954427 0.477315 0.078646 0.130556
3 1.546094 0.709259 0.119271 0.172222
3 1.508594 0.612037 0.114062 0.205556
3 1.649219 0.305556 0.176563 0.125926
2 1.149479 0.135648 0.116667 0.119444
2 0.189844 1.201852 0.269271 0.262963
3 0.407292 0.850926 0.085417 0.144444
3 0.289062 0.940278 0.081250 0.104630
3 0.577604 1.235648 0.060417 0.121296
3 0.788802 1.189352 0.113021 0.186111
3 1.656510 1.182407 0.355729 0.320370
3 1.112500 1.497222 0.136458 0.244444
3 1.049740 1.818519 0.279687 0.362963
3 1.813021 1.458796 0.373958 0.567593
3 1.167708 1.568981 0.085417 0.128704