0 0.533333 0.689815 0.077083 0.111111
0 1.151042 0.829630 0.091667 0.148148
0 1.228646 0.753704 0.076042 0.148148
0 0.922396 0.211111 0.055208 0.103704
0 0.504687 0.400463 0.056250 0.089815
0 0.415104 0.481481 0.060417 0.079630
0 0.314844 0.466667 0.058854 0.087037
0 0.062240 0.663426 0.065104 0.100926
0 0.419271 0.800463 0.078125 0.115741
0 0.697135 1.046296 0.045312 0.096296
0 0.507812 1.261111 0.062500 0.107407
0 0.070833 1.514352 0.080208 0.106481
2 1.575000 1.195833 0.054167 0.145370
2 1.064583 0.562500 0.055208 0.089815
2 0.473698 0.753241 0.065104 0.102778