3 0.326302 0.724074 0.035937 0.090741
0 0.779687 0.667130 0.039583 0.069444
0 0.861458 0.615741 0.032292 0.066667
0 0.917708 0.580556 0.031250 0.044444
0 0.598958 0.546759 0.042708 0.076852
0 0.546875 0.508333 0.040625 0.068519
0 0.529167 0.365741 0.050000 0.088889
0 0.550260 0.287500 0.032813 0.067593
0 0.513281 0.208333 0.038021 0.066667
0 0.585938 0.260648 0.022917 0.063889
0 0.716667 0.974074 0.060417 0.051852
2 0.493229 0.872685 0.091667 0.186111
2 0.956510 0.693519 0.086979 0.270370
2 0.290885 0.086111 0.046354 0.057407