2 0.654948 0.830556 0.052604 0.068519
2 0.644010 0.921759 0.052604 0.082407
2 0.229687 0.912500 0.071875 0.115741
0 0.404167 0.311574 0.028125 0.063889
0 0.388021 0.440741 0.029167 0.048148
0 0.827344 0.559259 0.032813 0.064815
0 0.620052 0.424074 0.024479 0.044444
0 0.590365 0.566204 0.036979 0.056481
0 0.758073 0.638889 0.033854 0.083333
0 0.692969 0.626389 0.035937 0.086111
0 0.922135 0.864352 0.055729 0.102778
0 0.898698 0.760185 0.036979 0.055556
0 0.124479 0.503241 0.051042 0.075000
0 0.347656 0.515278 0.036979 0.069444
0 0.410417 0.611574 0.048958 0.086111