0 0.169271 0.057870 0.019792 0.034259
1 0.230729 0.302315 0.028125 0.054630
1 0.098437 0.239352 0.022917 0.062037
1 0.087500 0.196759 0.031250 0.047222
2 0.058854 0.108796 0.026042 0.037963
2 0.135156 0.132407 0.029687 0.051852
1 0.186719 0.235648 0.021354 0.037963
0 0.153906 0.234722 0.029687 0.049074
0 0.301823 0.351852 0.032813 0.046296
0 0.287760 0.127315 0.023438 0.032407
0 0.313281 0.118056 0.025521 0.036111
0 0.302865 0.062963 0.024479 0.035185
0 0.256250 0.067130 0.017708 0.030556
0 0.274740 0.022222 0.017188 0.029630
1 0.132292 0.356481 0.044792 0.037037