0 0.703125 0.213426 0.038542 0.052778
0 0.413802 0.185185 0.026562 0.044444
0 0.271875 0.477315 0.033333 0.049074
0 0.453125 0.311111 0.039583 0.048148
0 0.850781 0.643056 0.044271 0.047222
2 0.190104 0.591667 0.058333 0.057407
2 0.372917 0.697685 0.043750 0.063889
2 0.461979 0.639815 0.057292 0.061111
1 0.643490 0.408796 0.083854 0.054630
1 0.524740 0.542593 0.052604 0.096296
1 0.351562 0.908796 0.086458 0.128704
2 0.766146 0.191667 0.069792 0.068519
0 0.351823 0.368519 0.029687 0.048148
0 0.298438 0.500463 0.034375 0.034259