2 0.961719 0.485648 0.076563 0.084259
0 0.726562 0.262963 0.025000 0.037037
0 0.751563 0.254630 0.026042 0.038889
0 0.939063 0.271296 0.035417 0.042593
0 0.591146 0.395370 0.022917 0.031481
0 0.596615 0.337500 0.028646 0.039815
0 0.534896 0.385648 0.026042 0.036111
0 0.230729 0.731944 0.022917 0.037963
0 0.434115 0.540278 0.025521 0.047222
0 0.524219 0.603704 0.041146 0.048148
0 0.595833 0.687037 0.038542 0.066667
0 0.744792 0.494907 0.037500 0.050926
0 0.938021 0.570833 0.045833 0.078704
1 0.934375 0.655093 0.131250 0.100926
1 0.698698 0.891667 0.099479 0.109259
0 0.639583 0.824537 0.035417 0.069444
0 0.372656 0.976852 0.050521 0.046296