0 0.379167 0.404630 0.039583 0.053704
0 0.672396 0.533796 0.037500 0.050926
0 0.946094 0.478704 0.034896 0.046296
0 0.893229 0.495833 0.048958 0.058333
0 0.291667 0.950000 0.064583 0.100000
0 0.793750 0.862500 0.065625 0.100926
0 0.412760 0.787037 0.042188 0.051852
0 0.359635 0.528704 0.045312 0.070370
1 0.604167 0.560648 0.104167 0.132407
1 0.788021 0.706019 0.093750 0.165741
0 0.508594 0.248611 0.036979 0.058333
0 0.495052 0.202315 0.030729 0.050926
0 0.458073 0.237963 0.029687 0.042593
0 0.440885 0.188426 0.033854 0.056481
0 0.401302 0.208333 0.029687 0.038889