1 0.811458 0.868056 0.064583 0.136111
0 0.952083 0.754167 0.069792 0.086111
0 0.868750 0.553704 0.037500 0.062963
0 0.895573 0.537037 0.036979 0.050000
0 0.913281 0.394444 0.028646 0.064815
0 0.733073 0.640741 0.030729 0.050000
0 0.971615 0.201389 0.040104 0.041667
0 0.874740 0.210185 0.024479 0.042593
0 0.933854 0.248611 0.021875 0.036111
0 0.706510 0.510185 0.025521 0.044444
0 0.605729 0.515741 0.021875 0.042593
0 0.480469 0.635648 0.027604 0.039815
0 0.443750 0.791204 0.034375 0.056481
0 0.497656 0.889352 0.024479 0.050926
2 0.769010 0.795370 0.052604 0.061111