0 0.122656 0.201389 0.041146 0.062037
1 0.336979 0.838889 0.145833 0.248148
1 0.925000 0.929630 0.150000 0.140741
0 0.976823 0.836111 0.046354 0.088889
0 0.870052 0.725000 0.039062 0.055556
0 0.813021 0.671759 0.035417 0.054630
0 0.704427 0.715741 0.064062 0.066667
0 0.752344 0.678241 0.036979 0.052778
0 0.748698 0.626852 0.028646 0.044444
0 0.863802 0.436574 0.027604 0.041667
0 0.445833 0.762963 0.042708 0.057407
0 0.248177 0.297685 0.034896 0.054630
0 0.482552 0.390741 0.045312 0.068519
0 0.254688 0.233333 0.038542 0.074074
0 0.173437 0.196759 0.037500 0.065741
0 0.199219 0.271759 0.036979 0.076852
0 0.042708 0.531481 0.040625 0.061111
0 0.008073 0.757870 0.016146 0.093519
2 0.826302 0.936574 0.070312 0.099074