0 0.375781 0.406019 0.031771 0.043519
0 0.513542 0.384722 0.027083 0.037963
0 0.576042 0.472222 0.016667 0.037037
0 0.737760 0.229630 0.027604 0.042593
0 0.184896 0.662500 0.038542 0.049074
0 0.225000 0.661111 0.038542 0.053704
0 0.121094 0.710648 0.026562 0.045370
0 0.217708 0.778241 0.040625 0.052778
0 0.272396 0.708796 0.034375 0.049074
0 0.253385 0.766204 0.045312 0.058333
0 0.183854 0.959722 0.046875 0.080556
0 0.354687 0.688889 0.031250 0.048148
2 0.316927 0.670370 0.043229 0.050000
1 0.364063 0.851389 0.073958 0.080556