1 0.542448 0.489352 0.084896 0.097222
1 0.408854 0.468981 0.091667 0.104630
0 0.682552 0.647685 0.033854 0.058333
0 0.576042 0.411574 0.023958 0.041667
0 0.101823 0.365741 0.069271 0.111111
0 0.281250 0.478704 0.032292 0.053704
0 0.449740 0.736111 0.034896 0.062963
0 0.454167 0.807870 0.040625 0.065741
0 0.519271 0.748148 0.034375 0.064815
0 0.584896 0.801389 0.028125 0.052778
0 0.795312 0.916204 0.044792 0.073148
0 0.664844 0.984259 0.055729 0.031481
0 0.567448 0.886574 0.043229 0.073148
0 0.389583 0.905093 0.068750 0.086111