0 0.636458 0.402315 0.029167 0.050926
0 0.861979 0.726389 0.031250 0.056481
0 0.719531 0.559259 0.034896 0.044444
0 0.397656 0.557870 0.030729 0.047222
0 0.363542 0.433796 0.032292 0.047222
0 0.276562 0.681481 0.041667 0.079630
0 0.304688 0.668519 0.035417 0.055556
0 0.245833 0.639352 0.032292 0.047222
0 0.119792 0.617593 0.036458 0.053704
0 0.058594 0.591204 0.053646 0.084259
0 0.207813 0.835648 0.033333 0.054630
0 0.670833 0.859722 0.048958 0.080556
0 0.616146 0.943056 0.040625 0.058333
2 0.627083 0.850000 0.079167 0.155556
2 0.466406 0.927778 0.048438 0.070370