1 0.429427 0.848611 0.115104 0.199074
1 0.927083 0.675926 0.145833 0.157407
1 0.639062 0.296296 0.103125 0.101852
0 0.488542 0.683796 0.044792 0.060185
0 0.609375 0.363889 0.058333 0.072222
0 0.816146 0.285185 0.035417 0.044444
0 0.706771 0.073148 0.035417 0.055556
0 0.565104 0.131944 0.035417 0.065741
0 0.591927 0.117593 0.034896 0.057407
0 0.416927 0.209259 0.039062 0.057407
0 0.121615 0.495370 0.031771 0.042593
0 0.057292 0.362963 0.047917 0.079630
0 0.114583 0.155093 0.041667 0.054630
2 0.485156 0.178241 0.031771 0.036111
2 0.830990 0.129167 0.065104 0.104630
2 0.435677 0.402315 0.058854 0.078704