2 0.553472 0.913580 0.090278 0.172840
0 0.145139 0.149383 0.087500 0.165432
0 0.390972 0.686420 0.076389 0.118519
0 0.477083 0.708642 0.068056 0.108642
0 0.573611 0.597531 0.061111 0.123457
0 0.665278 0.771605 0.063889 0.111111
0 0.207639 0.874074 0.101389 0.148148
0 0.781250 0.839506 0.070833 0.128395
0 0.638194 0.351852 0.065278 0.106173
0 0.646528 0.576543 0.037500 0.096296
0 0.712500 0.392593 0.050000 0.143210
0 0.746528 0.316049 0.045833 0.113580
0 0.717361 0.238272 0.054167 0.101235
0 0.734028 0.146914 0.062500 0.091358