0 0.030469 0.148148 0.045312 0.066667
0 0.081771 0.125926 0.030208 0.042593
0 0.115104 0.147222 0.037500 0.051852
0 0.160677 0.165278 0.033854 0.054630
0 0.211198 0.183333 0.032813 0.055556
0 0.151562 0.221759 0.025000 0.037963
0 0.065885 0.196296 0.040104 0.062963
0 0.008594 0.204630 0.017188 0.062963
2 0.114062 0.081481 0.027083 0.040741
2 0.143490 0.118981 0.041146 0.052778
2 0.104688 0.208333 0.035417 0.055556
2 0.159115 0.310648 0.060937 0.097222
2 0.204687 0.244907 0.046875 0.075000
2 0.091406 0.353241 0.050521 0.043519
1 0.250000 0.040278 0.037500 0.060185
1 0.186458 0.112500 0.042708 0.037963
1 0.257552 0.247685 0.053646 0.065741
1 0.286458 0.351389 0.041667 0.047222
2 0.242708 0.154167 0.042708 0.056481
1 0.170052 0.021296 0.031771 0.035185