2 4.825000 3.616049 0.352778 0.486420
2 4.813889 3.975309 0.519444 0.562963
2 4.709028 4.208642 0.376389 0.511111
2 4.090972 3.543210 0.256944 0.587654
2 4.391667 3.532099 0.127778 0.367901
2 4.275694 3.128395 0.256944 0.380247
2 3.940972 2.876543 0.198611 0.380247
2 4.177083 2.445679 0.240278 0.372840
2 3.801389 2.109877 0.236111 0.269136
2 3.859722 2.403704 0.258333 0.412346
2 3.016667 3.188889 0.313889 0.456790
2 2.027083 1.164198 0.240278 0.511111
2 0.982639 3.635802 0.923611 1.350617
2 1.051389 4.844444 0.880556 0.977778