0 0.270833 0.579012 0.069444 0.116049
0 0.378472 0.916049 0.065278 0.118519
2 0.155556 0.560494 0.086111 0.123457
2 0.071528 0.788889 0.112500 0.140741
2 0.286806 0.701235 0.079167 0.113580
0 0.302083 0.045679 0.043056 0.061728
0 0.349306 0.100000 0.045833 0.081481
0 0.284722 0.196296 0.061111 0.096296
3 0.620833 0.979012 0.041667 0.041975
3 0.729861 0.633333 0.037500 0.071605
3 0.415972 0.613580 0.037500 0.081481
3 0.350694 0.439506 0.029167 0.034568
3 0.413889 0.475309 0.022222 0.032099
3 0.614583 0.362963 0.029167 0.049383
3 0.521528 0.061728 0.034722 0.044444
0 0.175694 0.895062 0.070833 0.170370