3 2.001389 1.138272 0.166667 0.246914
3 5.036111 3.065432 0.372222 0.432099
3 1.693056 2.533333 0.238889 0.320988
3 2.006250 2.530864 0.231944 0.325926
3 1.889583 2.251852 0.204167 0.355556
3 0.622222 2.539506 0.325000 0.382716
3 2.498611 1.976543 0.252778 0.333333
3 3.241667 3.881481 0.513889 0.864198
3 3.491667 4.118519 0.297222 0.553086
3 3.398611 4.390123 0.250000 0.400000
3 3.517361 4.609877 0.306944 0.449383
3 4.556250 4.164198 0.376389 0.619753
3 4.919444 3.395062 0.325000 0.479012
3 4.544444 2.680247 0.227778 0.343210
3 4.513194 2.879012 0.262500 0.266667
1 4.243056 3.624691 0.438889 0.424691
3 1.343056 2.804938 0.252778 0.217284
3 1.263194 2.622222 0.245833 0.251852
3 1.504167 1.823457 0.211111 0.283951
3 2.201389 1.916049 0.180556 0.271605
3 2.070833 1.746914 0.166667 0.288889
3 3.584722 1.606173 0.166667 0.254321
3 4.444444 2.193827 0.236111 0.279012