3 2.660417 1.919753 0.154167 0.279012
3 3.302778 2.133333 0.227778 0.360494
2 0.228472 3.333333 0.454167 0.720988
3 0.188889 2.920988 0.227778 0.306173
3 0.465278 2.565432 0.183333 0.311111
3 1.341667 2.550617 0.216667 0.232099
3 1.813194 2.151852 0.198611 0.412346
3 2.610417 1.838272 0.318056 0.367901
3 2.611806 2.287654 0.426389 0.570370
3 2.985417 0.141975 0.262500 0.283951
3 2.943750 0.633333 0.151389 0.353086
3 2.881250 0.543210 0.137500 0.311111
3 3.164583 0.930864 0.320833 0.355556
3 3.472222 0.927160 0.422222 0.644444
3 5.160417 1.227160 0.345833 0.651852
3 1.750694 1.046914 0.156944 0.281481
3 1.585417 1.885185 0.176389 0.338272