0 0.484722 0.696296 0.077778 0.177778
0 0.805556 0.312346 0.116667 0.130864
0 0.671528 0.287654 0.087500 0.175309
0 0.387500 0.785185 0.091667 0.158025
0 0.305556 0.662963 0.108333 0.175309
0 0.236806 0.592593 0.106944 0.138272
0 0.089583 0.517284 0.129167 0.120988
0 0.187500 0.382716 0.161111 0.241975
0 0.095139 0.059259 0.112500 0.093827
0 0.271528 0.193827 0.065278 0.120988
0 0.348611 0.309877 0.080556 0.130864
0 0.492361 0.161728 0.079167 0.120988
0 0.672222 0.501235 0.080556 0.108642
3 0.422917 0.539506 0.059722 0.081481