2 0.959722 0.855556 0.080556 0.209877
2 0.742361 0.640741 0.123611 0.224691
2 0.854861 0.839506 0.131944 0.227160
2 0.776389 0.920988 0.122222 0.158025
0 0.366667 0.185185 0.083333 0.158025
0 0.304861 0.180247 0.051389 0.153086
0 0.438194 0.339506 0.059722 0.116049
0 0.458333 0.618519 0.052778 0.106173
0 0.666667 0.751852 0.105556 0.155556
0 0.643750 0.182716 0.076389 0.153086
0 0.924306 0.251852 0.093056 0.182716
0 0.861806 0.445679 0.095833 0.150617
0 0.952778 0.611111 0.072222 0.160494
2 0.651389 0.343210 0.130556 0.148148
2 0.562500 0.398765 0.102778 0.116049
2 0.565278 0.550617 0.080556 0.108642
2 0.527083 0.685185 0.073611 0.111111
2 0.480556 0.802469 0.100000 0.158025
2 0.609722 0.929630 0.088889 0.140741
2 0.261111 0.861728 0.111111 0.212346
2 0.323611 0.428395 0.080556 0.111111