2 0.484028 0.459259 0.106944 0.093827
2 0.431944 0.534568 0.088889 0.116049
2 0.586111 0.323457 0.088889 0.113580
2 0.808333 0.588889 0.069444 0.135802
2 0.841667 0.749383 0.097222 0.170370
2 0.883333 0.865432 0.102778 0.165432
2 0.577083 0.640741 0.068056 0.116049
0 0.786806 0.153086 0.068056 0.079012
0 0.463889 0.124691 0.052778 0.111111
0 0.390278 0.704938 0.086111 0.130864
0 0.481250 0.776543 0.065278 0.106173
0 0.500000 0.556790 0.055556 0.096296
0 0.615972 0.533333 0.073611 0.123457
0 0.751389 0.501235 0.061111 0.088889
3 0.852778 0.561728 0.030556 0.066667
3 0.221528 0.501235 0.031944 0.064198
3 0.445139 0.269136 0.020833 0.044444
0 0.685417 0.079012 0.073611 0.088889