0 0.107639 0.288889 0.073611 0.103704
0 0.077083 0.416049 0.070833 0.101235
0 0.190278 0.114815 0.036111 0.091358
0 0.289583 0.300000 0.070833 0.096296
0 0.359722 0.203704 0.083333 0.120988
0 0.284028 0.588889 0.087500 0.180247
0 0.182639 0.687654 0.087500 0.145679
0 0.236111 0.802469 0.094444 0.128395
0 0.111111 0.813580 0.094444 0.145679
0 0.392361 0.816049 0.093056 0.155556
0 0.502083 0.395062 0.070833 0.123457
0 0.670139 0.313580 0.081944 0.123457
0 0.858333 0.259259 0.069444 0.133333
0 0.740278 0.644444 0.097222 0.153086
0 0.639583 0.703704 0.093056 0.143210
0 0.606944 0.933333 0.083333 0.133333
0 0.722222 0.867901 0.083333 0.155556