0 0.218750 0.946914 0.120833 0.106173
0 0.061806 0.786420 0.109722 0.150617
0 0.161111 0.662963 0.116667 0.175309
0 0.809028 0.600000 0.095833 0.148148
0 0.923611 0.825926 0.069444 0.170370
0 0.836806 0.785185 0.106944 0.182716
0 0.618056 0.822222 0.113889 0.187654
0 0.111806 0.335802 0.115278 0.207407
0 0.055556 0.443210 0.105556 0.219753
0 0.392361 0.872840 0.131944 0.229630
0 0.733333 0.817284 0.108333 0.133333
0 0.909028 0.649383 0.076389 0.118519
0 0.807639 0.439506 0.070833 0.098765
0 0.536111 0.386420 0.063889 0.091358
0 0.318750 0.411111 0.065278 0.116049