0 0.236458 0.406019 0.032292 0.063889
0 0.406510 0.403241 0.032813 0.041667
0 0.928385 0.720833 0.042188 0.058333
0 0.893750 0.723148 0.031250 0.074074
0 0.112500 0.593981 0.034375 0.049074
0 0.224740 0.839815 0.050521 0.079630
0 0.535417 0.778241 0.042708 0.060185
0 0.393229 0.613889 0.027083 0.053704
0 0.432552 0.518519 0.024479 0.048148
0 0.609375 0.581019 0.027083 0.043519
0 0.623958 0.527315 0.020833 0.041667
0 0.447396 0.448148 0.027083 0.044444
0 0.227083 0.660185 0.044792 0.046296
0 0.151562 0.721759 0.047917 0.060185
0 0.248698 0.524537 0.026562 0.032407
1 0.793750 0.715278 0.117708 0.136111