3 2.430556 2.276543 0.238889 0.222222
1 2.176389 2.309877 0.225000 0.214815
3 2.264583 3.256790 0.287500 0.355556
3 1.711111 2.796296 0.350000 0.422222
3 3.211111 2.795062 0.252778 0.286420
3 3.370139 2.429630 0.306944 0.325926
3 3.418750 1.751852 0.240278 0.318519
3 2.713889 1.827160 0.225000 0.237037
3 2.460417 1.709877 0.206944 0.195062
3 0.402083 3.404938 0.187500 0.400000
3 0.130556 3.659259 0.250000 0.306173
3 0.678472 2.795062 0.220833 0.311111
3 1.925694 4.086420 0.423611 0.637037
3 2.270833 5.091358 0.438889 0.483951
3 2.745139 4.633333 0.443056 0.545679
3 3.498611 4.555556 0.508333 0.691358
3 4.714583 4.423457 0.726389 1.019753
3 4.109722 3.855556 0.447222 0.644444
3 3.670833 3.474074 0.388889 0.607407
3 4.462500 2.616049 0.308333 0.382716
3 4.731944 2.740741 0.380556 0.449383
3 5.190972 2.674074 0.284722 0.414815
3 2.486111 1.918519 0.163889 0.246914
3 3.363194 1.427160 0.145833 0.246914