2 0.143056 0.160494 0.097222 0.123457
2 0.043056 0.735802 0.086111 0.158025
2 0.111111 0.860494 0.102778 0.140741
2 0.375000 0.243210 0.072222 0.111111
2 0.522917 0.345679 0.093056 0.148148
2 0.445833 0.482716 0.111111 0.135802
2 0.553472 0.662963 0.084722 0.150617
2 0.777083 0.728395 0.093056 0.148148
2 0.779167 0.848148 0.058333 0.106173
2 0.813889 0.937037 0.075000 0.125926
0 0.152083 0.707407 0.076389 0.125926
0 0.817361 0.174074 0.051389 0.096296
0 0.920139 0.476543 0.059722 0.069136
0 0.334028 0.404938 0.048611 0.093827
0 0.827083 0.445679 0.059722 0.086420
0 0.678472 0.453086 0.059722 0.086420
0 0.580556 0.537037 0.066667 0.096296
0 0.868750 0.701235 0.054167 0.103704
0 0.461111 0.833333 0.066667 0.125926
0 0.559722 0.834568 0.069444 0.128395
0 0.738194 0.958025 0.076389 0.083951
0 0.065972 0.118519 0.095833 0.133333
3 0.430556 0.580247 0.030556 0.049383
3 0.252083 0.435802 0.037500 0.056790