2 0.721528 0.496296 0.070833 0.103704
2 0.502778 0.339506 0.119444 0.155556
1 0.535417 0.259259 0.084722 0.123457
1 0.042361 0.293827 0.076389 0.251852
1 0.357639 0.558025 0.106944 0.113580
1 0.263194 0.465432 0.106944 0.229630
1 0.150000 0.506173 0.141667 0.088889
1 0.929167 0.627160 0.141667 0.148148
0 0.800694 0.834568 0.101389 0.128395
0 0.718750 0.730864 0.065278 0.128395
0 0.740278 0.145679 0.058333 0.088889
0 0.242361 0.125926 0.034722 0.074074
3 0.650000 0.407407 0.038889 0.059259
3 0.330556 0.714815 0.050000 0.071605