3 0.101389 0.844444 0.025000 0.034568
3 0.147917 0.960494 0.031944 0.074074
1 0.652083 0.646914 0.065278 0.098765
1 0.584028 0.643210 0.068056 0.150617
1 0.959722 0.367901 0.080556 0.088889
1 0.940278 0.676543 0.119444 0.202469
1 0.348611 0.111111 0.072222 0.108642
2 0.524306 0.391358 0.040278 0.061728
0 0.321528 0.654321 0.056944 0.074074
2 0.277083 0.724691 0.045833 0.056790
2 0.718750 0.472840 0.048611 0.066667
2 0.695833 0.882716 0.086111 0.081481
2 0.556944 0.664198 0.066667 0.108642
2 0.462500 0.546914 0.066667 0.071605
2 0.264583 0.820988 0.065278 0.120988
2 0.052778 0.564198 0.063889 0.106173
0 0.789583 0.420988 0.034722 0.091358
0 0.199306 0.859259 0.070833 0.148148
0 0.675000 0.770370 0.080556 0.133333
0 0.820833 0.072840 0.047222 0.061728
0 0.771528 0.156790 0.029167 0.056790
0 0.893750 0.244444 0.054167 0.074074
0 0.749306 0.282716 0.029167 0.076543
0 0.448611 0.064198 0.044444 0.074074
0 0.134722 0.224691 0.030556 0.049383