2 0.841667 0.080247 0.108333 0.160494
2 0.731250 0.086420 0.106944 0.138272
2 0.664583 0.216049 0.112500 0.190123
2 0.597222 0.412346 0.136111 0.271605
1 0.956250 0.218519 0.087500 0.318519
1 0.711111 0.844444 0.136111 0.276543
1 0.559722 0.774074 0.177778 0.185185
1 0.333333 0.417284 0.072222 0.256790
0 0.251389 0.956790 0.108333 0.086420
0 0.397917 0.909877 0.118056 0.180247
0 0.535417 0.930864 0.093056 0.138272
0 0.654861 0.691358 0.131944 0.172840
0 0.881944 0.608642 0.130556 0.209877
0 0.704167 0.506173 0.097222 0.162963
0 0.475694 0.341975 0.106944 0.185185
0 0.491667 0.598765 0.086111 0.150617
0 0.293750 0.659259 0.154167 0.227160
0 0.219444 0.491358 0.116667 0.172840
0 0.081250 0.675309 0.129167 0.224691