3 0.197222 0.769136 0.069444 0.116049
3 0.752083 0.401235 0.040278 0.056790
3 0.638889 0.723457 0.036111 0.064198
0 0.240972 0.138272 0.031944 0.049383
0 0.523611 0.061728 0.019444 0.034568
0 0.559028 0.111111 0.034722 0.049383
0 0.770833 0.150617 0.041667 0.079012
0 0.593056 0.227160 0.030556 0.059259
0 0.641667 0.272840 0.063889 0.086420
0 0.675000 0.350617 0.055556 0.088889
0 0.646528 0.449383 0.068056 0.108642
0 0.150000 0.439506 0.055556 0.079012
1 0.911111 0.143210 0.116667 0.093827
1 0.302778 0.800000 0.158333 0.133333
1 0.068750 0.614815 0.059722 0.148148