2 0.070139 0.413580 0.098611 0.155556
2 0.454861 0.953086 0.154167 0.093827
2 0.788194 0.866667 0.081944 0.172840
2 0.839583 0.679012 0.093056 0.138272
2 0.801389 0.322222 0.100000 0.150617
2 0.389583 0.724691 0.068056 0.130864
2 0.331944 0.593827 0.086111 0.125926
2 0.721528 0.476543 0.104167 0.162963
2 0.658333 0.193827 0.083333 0.130864
2 0.446528 0.085185 0.084722 0.101235
2 0.294444 0.145679 0.083333 0.108642
0 0.608333 0.362963 0.063889 0.103704
0 0.977778 0.512346 0.044444 0.125926
0 0.860417 0.580247 0.056944 0.088889
0 0.718750 0.844444 0.087500 0.133333
0 0.429167 0.604938 0.080556 0.128395
0 0.045139 0.888889 0.090278 0.133333
0 0.379167 0.048148 0.083333 0.076543
3 0.307639 0.675309 0.031944 0.061728
3 0.528472 0.367901 0.037500 0.054321
3 0.696528 0.558025 0.031944 0.039506