2 0.388194 0.129630 0.065278 0.071605
2 0.378472 0.269136 0.065278 0.098765
1 0.548611 0.748148 0.180556 0.133333
2 0.259028 0.607407 0.070833 0.133333
2 0.454861 0.539506 0.126389 0.140741
2 0.570833 0.566667 0.125000 0.209877
2 0.554167 0.835802 0.119444 0.165432
2 0.079861 0.874074 0.159722 0.251852
0 0.584722 0.069136 0.052778 0.069136
0 0.856250 0.087654 0.043056 0.046914
0 0.927083 0.202469 0.059722 0.064198
0 0.629861 0.188889 0.048611 0.076543
0 0.704861 0.316049 0.051389 0.093827
0 0.550000 0.245679 0.069444 0.101235
0 0.488889 0.330864 0.050000 0.064198
0 0.458333 0.445679 0.075000 0.111111
0 0.391667 0.812346 0.086111 0.128395
0 0.517361 0.619753 0.112500 0.172840
0 0.699306 0.779012 0.093056 0.140741
1 0.481250 0.144444 0.123611 0.106173
1 0.745833 0.086420 0.108333 0.143210