0 0.029167 0.897531 0.058333 0.140741
2 0.862500 0.249383 0.058333 0.088889
2 0.875000 0.351852 0.080556 0.111111
2 0.846528 0.409877 0.059722 0.118519
2 0.860417 0.685185 0.065278 0.160494
2 0.963194 0.772840 0.073611 0.148148
2 0.829861 0.895062 0.104167 0.209877
2 0.675000 0.177778 0.055556 0.123457
2 0.518750 0.053086 0.084722 0.101235
2 0.214583 0.201235 0.073611 0.096296
2 0.268750 0.277778 0.073611 0.096296
2 0.508333 0.427160 0.058333 0.108642
2 0.575694 0.402469 0.084722 0.133333
2 0.618056 0.437037 0.069444 0.192593
2 0.355556 0.432099 0.100000 0.158025
2 0.540278 0.569136 0.050000 0.111111
2 0.339583 0.622222 0.090278 0.138272
2 0.279167 0.727160 0.072222 0.111111
2 0.410417 0.793827 0.129167 0.214815
2 0.274306 0.887654 0.106944 0.185185
2 0.396528 0.950617 0.106944 0.098765
0 0.874306 0.016049 0.043056 0.032099
0 0.725000 0.025926 0.058333 0.051852
0 0.632639 0.062963 0.048611 0.071605
0 0.738194 0.179012 0.056944 0.096296
0 0.913889 0.180247 0.058333 0.083951
0 0.541667 0.248148 0.058333 0.096296
0 0.635417 0.279012 0.081944 0.118519
0 0.711111 0.330864 0.069444 0.083951
0 0.782639 0.376543 0.070833 0.101235
0 0.700000 0.423457 0.077778 0.120988
0 0.769444 0.492593 0.069444 0.130864
0 0.723611 0.711111 0.047222 0.153086
0 0.700000 0.579012 0.075000 0.116049
0 0.785417 0.641975 0.068056 0.103704
0 0.782639 0.782716 0.059722 0.118519
0 0.474306 0.929630 0.101389 0.140741
0 0.476389 0.643210 0.077778 0.145679
0 0.560417 0.822222 0.087500 0.167901
0 0.677083 0.892593 0.104167 0.190123
0 0.738889 0.896296 0.036111 0.143210
0 0.564583 0.686420 0.079167 0.167901
0 0.661111 0.712346 0.094444 0.150617
3 0.505556 0.102469 0.025000 0.027160
3 0.356944 0.013580 0.030556 0.022222
3 0.784722 0.261728 0.022222 0.044444
3 0.607639 0.941975 0.026389 0.046914
0 0.288889 0.177778 0.061111 0.103704
2 0.163194 0.725926 0.059722 0.113580