1 0.864062 0.562500 0.105208 0.158333
0 0.536198 0.920370 0.088021 0.118519
0 0.559115 0.742593 0.081771 0.170370
0 0.672396 0.824537 0.068750 0.112037
0 0.490625 0.348611 0.062500 0.095370
0 0.702344 0.286111 0.053646 0.070370
0 0.669792 0.214815 0.043750 0.074074
0 0.731771 0.173611 0.038542 0.095370
0 0.386198 0.119444 0.058854 0.079630
0 0.312760 0.140741 0.054688 0.061111
0 0.309896 0.065278 0.051042 0.050926
0 0.103125 0.174537 0.072917 0.115741
0 0.647917 0.022222 0.045833 0.044444
2 0.401823 0.388426 0.078646 0.115741
3 0.856771 0.723148 0.029167 0.053704
3 0.470313 0.660648 0.027083 0.060185
3 0.351302 0.230093 0.032813 0.036111