3 0.195139 0.690123 0.040278 0.061728
3 0.132639 0.670370 0.068056 0.056790
3 0.281250 0.856790 0.045833 0.088889
3 0.213889 0.543210 0.075000 0.064198
3 0.309722 0.687654 0.066667 0.096296
3 0.588889 0.790123 0.027778 0.059259
3 0.538889 0.628395 0.113889 0.125926
0 0.607639 0.927160 0.087500 0.145679
0 0.318056 0.587654 0.038889 0.064198
0 0.789583 0.679012 0.040278 0.083951
0 0.834028 0.507407 0.045833 0.071605
0 0.779167 0.433333 0.027778 0.056790
0 0.755556 0.262963 0.044444 0.056790
0 0.661806 0.269136 0.043056 0.069136
0 0.318750 0.277778 0.034722 0.061728