2 0.681944 0.670370 0.075000 0.135802
1 0.598611 0.607407 0.116667 0.133333
0 0.887500 0.918519 0.083333 0.133333
0 0.507639 0.659259 0.073611 0.118519
0 0.859028 0.577778 0.056944 0.083951
0 0.677778 0.569136 0.036111 0.066667
0 0.610417 0.339506 0.045833 0.081481
0 0.570139 0.388889 0.048611 0.081481
0 0.446528 0.400000 0.045833 0.083951
0 0.475694 0.334568 0.056944 0.091358
0 0.372917 0.301235 0.031944 0.044444
0 0.312500 0.314815 0.036111 0.071605
0 0.228472 0.327160 0.034722 0.076543
0 0.156250 0.450617 0.073611 0.120988
0 0.027778 0.696296 0.055556 0.113580
3 0.364583 0.965432 0.040278 0.069136
3 0.495139 0.811111 0.104167 0.086420
3 0.352083 0.743210 0.068056 0.083951
3 0.417361 0.807407 0.043056 0.064198
3 0.219444 0.645679 0.052778 0.061728