3 0.406944 0.579012 0.019444 0.032099
3 0.295833 0.582716 0.019444 0.024691
3 0.383333 0.664198 0.016667 0.019753
3 0.411111 0.785185 0.016667 0.029630
3 0.375694 0.783951 0.020833 0.027160
3 0.266667 0.745679 0.022222 0.029630
3 0.125000 0.353086 0.036111 0.054321
2 0.934028 0.119753 0.131944 0.160494
2 0.883333 0.254321 0.138889 0.138272
2 0.715972 0.269136 0.065278 0.098765
2 0.740278 0.127160 0.061111 0.091358
3 0.345139 0.227160 0.020833 0.074074
3 0.510417 0.291358 0.043056 0.049383
3 0.641667 0.169136 0.033333 0.032099
3 0.557639 0.153086 0.045833 0.044444
3 0.958333 0.356790 0.052778 0.041975
3 0.692361 0.482716 0.029167 0.032099
3 0.732639 0.548148 0.037500 0.029630
3 0.800694 0.844444 0.043056 0.019753
3 0.951389 0.941975 0.044444 0.032099
3 0.916667 0.827160 0.041667 0.039506
3 0.972917 0.860494 0.054167 0.046914
0 0.541667 0.918519 0.094444 0.162963
0 0.697222 0.871605 0.083333 0.093827
0 0.787500 0.622222 0.133333 0.138272
0 0.579167 0.671605 0.119444 0.197531
0 0.482639 0.624691 0.051389 0.044444
0 0.462500 0.424691 0.094444 0.133333
0 0.202778 0.179012 0.138889 0.155556
0 0.218056 0.364198 0.077778 0.081481
0 0.072222 0.555556 0.138889 0.158025