0 0.205556 0.551852 0.047222 0.071605
0 0.283333 0.717284 0.027778 0.032099
2 0.258333 0.658025 0.025000 0.037037
2 0.339583 0.680247 0.018056 0.046914
2 0.636111 0.507407 0.033333 0.056790
0 0.322222 0.613580 0.030556 0.051852
0 0.361111 0.698765 0.038889 0.059259
0 0.468056 0.954321 0.036111 0.061728
0 0.506944 0.900000 0.041667 0.056790
0 0.693056 0.946914 0.072222 0.106173
2 0.418056 0.680247 0.027778 0.056790
2 0.306944 0.535802 0.027778 0.039506
2 0.415972 0.949383 0.034722 0.051852
2 0.611111 0.840741 0.069444 0.086420
2 0.765278 0.904938 0.080556 0.111111
2 0.445833 0.654321 0.030556 0.039506
2 0.490972 0.606173 0.043056 0.066667
2 0.494444 0.797531 0.058333 0.108642
2 0.907639 0.813580 0.165278 0.170370
0 0.656250 0.756790 0.068056 0.106173
0 0.591667 0.679012 0.038889 0.083951
0 0.551389 0.612346 0.036111 0.039506
0 0.563194 0.535802 0.065278 0.093827
0 0.425694 0.540741 0.051389 0.074074
0 0.486111 0.338272 0.066667 0.098765
2 0.433333 0.439506 0.044444 0.083951
2 0.513194 0.470370 0.059722 0.096296
2 0.739583 0.356790 0.081944 0.106173
2 0.610417 0.258025 0.065278 0.116049