2 0.678472 0.585185 0.062500 0.108642
2 0.540972 0.425926 0.065278 0.086420
0 0.532639 0.933333 0.045833 0.108642
0 0.845833 0.870370 0.113889 0.111111
0 0.759722 0.733333 0.088889 0.108642
0 0.740278 0.604938 0.075000 0.113580
0 0.616667 0.379012 0.075000 0.111111
0 0.419444 0.749383 0.055556 0.101235
0 0.198611 0.471605 0.044444 0.044444
0 0.250000 0.358025 0.061111 0.088889
0 0.084722 0.435802 0.050000 0.071605
2 0.228472 0.940741 0.109722 0.118519
2 0.176389 0.780247 0.077778 0.128395
2 0.326389 0.754321 0.091667 0.160494
2 0.402083 0.654321 0.065278 0.128395
2 0.340278 0.560494 0.052778 0.093827
2 0.265972 0.579012 0.076389 0.150617
2 0.405556 0.375309 0.061111 0.079012
2 0.652778 0.102469 0.080556 0.111111
2 0.912500 0.265432 0.113889 0.091358
2 0.729167 0.291358 0.050000 0.093827
3 0.578472 0.882716 0.023611 0.037037