0 0.780556 0.376543 0.066667 0.096296
0 0.815972 0.043210 0.076389 0.086420
0 0.907639 0.065432 0.093056 0.096296
2 0.745833 0.039506 0.061111 0.079012
2 0.865278 0.140741 0.127778 0.128395
2 0.561806 0.956790 0.065278 0.086420
2 0.783333 0.746914 0.077778 0.140741
3 0.823611 0.725926 0.025000 0.024691
3 0.590278 0.476543 0.030556 0.039506
3 0.354861 0.697531 0.037500 0.046914
1 0.596528 0.817284 0.051389 0.177778
0 0.696528 0.434568 0.079167 0.108642
0 0.629861 0.649383 0.062500 0.103704
0 0.495139 0.718519 0.062500 0.098765
0 0.365278 0.632099 0.058333 0.088889
0 0.483333 0.434568 0.063889 0.108642
0 0.422917 0.456790 0.048611 0.088889
0 0.395139 0.420988 0.045833 0.066667
0 0.365278 0.359259 0.041667 0.066667
0 0.194444 0.597531 0.086111 0.103704
0 0.330556 0.302469 0.069444 0.086420
0 0.263194 0.356790 0.062500 0.051852
0 0.244444 0.286420 0.063889 0.088889
0 0.170139 0.143210 0.059722 0.083951
0 0.206250 0.035802 0.068056 0.061728
2 0.604861 0.114815 0.048611 0.066667
2 0.370139 0.130864 0.068056 0.069136
2 0.429861 0.367901 0.045833 0.079012
2 0.020139 0.432099 0.037500 0.108642
2 0.056250 0.028395 0.087500 0.056790
3 0.472917 0.341975 0.023611 0.041975
3 0.473611 0.250617 0.016667 0.051852
3 0.683333 0.164198 0.022222 0.032099
3 0.613194 0.228395 0.018056 0.027160
3 0.641667 0.167901 0.022222 0.029630
0 0.068056 0.722222 0.130556 0.120988
2 0.238194 0.908642 0.101389 0.148148