3 0.204167 0.598765 0.027778 0.022222
3 0.265278 0.717284 0.027778 0.037037
3 0.225000 0.687654 0.025000 0.037037
2 0.135417 0.817284 0.137500 0.172840
2 0.052778 0.572840 0.100000 0.103704
2 0.332639 0.669136 0.087500 0.143210
2 0.054167 0.332099 0.108333 0.165432
2 0.310417 0.102469 0.068056 0.101235
2 0.142361 0.054321 0.093056 0.088889
2 0.486806 0.338272 0.076389 0.093827
3 0.616667 0.211111 0.027778 0.037037
3 0.886806 0.297531 0.037500 0.032099
3 0.869444 0.248148 0.044444 0.046914
3 0.713889 0.961728 0.027778 0.041975
2 0.466667 0.525926 0.066667 0.118519
2 0.727083 0.639506 0.087500 0.158025
2 0.643750 0.900000 0.073611 0.116049
1 0.838194 0.508642 0.109722 0.207407
0 0.340278 0.507407 0.066667 0.086420
0 0.252778 0.465432 0.047222 0.091358
0 0.165972 0.458025 0.068056 0.091358
0 0.159722 0.345679 0.094444 0.103704
0 0.406944 0.086420 0.072222 0.113580
0 0.514583 0.049383 0.062500 0.098765
0 0.650000 0.156790 0.052778 0.081481
0 0.758333 0.059259 0.108333 0.118519
0 0.889583 0.044444 0.131944 0.079012
0 0.575000 0.632099 0.063889 0.088889
0 0.776389 0.319753 0.094444 0.116049
0 0.974306 0.355556 0.051389 0.108642
0 0.888194 0.801235 0.112500 0.106173
0 0.219444 0.913580 0.072222 0.093827
0 0.311111 0.953086 0.063889 0.079012