0 0.937500 0.553086 0.097222 0.103704
0 0.390278 0.238272 0.033333 0.071605
0 0.771528 0.351852 0.048611 0.081481
0 0.484028 0.087654 0.026389 0.046914
2 0.400000 0.046914 0.044444 0.034568
2 0.407639 0.176543 0.037500 0.051852
2 0.929861 0.206173 0.070833 0.041975
2 0.852778 0.264198 0.058333 0.074074
2 0.781944 0.260494 0.066667 0.061728
2 0.918056 0.322222 0.069444 0.051852
2 0.849306 0.348148 0.090278 0.093827
2 0.770833 0.427160 0.066667 0.093827
2 0.184028 0.441975 0.037500 0.064198
2 0.225694 0.514815 0.034722 0.046914
2 0.314583 0.655556 0.065278 0.091358
2 0.566667 0.546914 0.061111 0.125926
2 0.401389 0.887654 0.052778 0.111111