0 0.347396 0.738889 0.088542 0.159259
0 0.758073 0.726389 0.074479 0.150926
2 0.873437 0.933796 0.098958 0.132407
2 0.736198 0.929167 0.111979 0.141667
2 0.828906 0.490741 0.059896 0.107407
2 0.740365 0.414815 0.073438 0.096296
2 0.509635 0.635185 0.082812 0.133333
2 0.428906 0.471759 0.085938 0.106481
2 0.524740 0.180093 0.050521 0.089815
2 0.461458 0.078704 0.070833 0.096296
2 0.315365 0.930093 0.114062 0.139815
2 0.070312 0.943981 0.067708 0.112037
2 0.296354 0.370370 0.071875 0.109259
2 0.235156 0.527315 0.059896 0.106481
2 0.210156 0.643519 0.059896 0.101852
2 0.156771 0.684722 0.047917 0.095370
2 0.141667 0.575463 0.100000 0.156481
2 0.200000 0.439815 0.071875 0.092593
2 0.144531 0.447685 0.057813 0.093519
2 0.069792 0.428241 0.046875 0.108333
0 0.646354 0.954167 0.066667 0.091667
0 0.467969 0.941204 0.051562 0.095370
0 0.471094 0.776389 0.075521 0.108333
0 0.387240 0.951389 0.060937 0.097222
0 0.219010 0.863426 0.061979 0.100926
0 0.175521 0.966667 0.072917 0.066667
0 0.141146 0.889815 0.060417 0.112963
0 0.399479 0.585185 0.038542 0.064815
0 0.962760 0.368981 0.065104 0.104630
0 0.520833 0.339815 0.053125 0.096296
0 0.349479 0.273611 0.095833 0.099074
0 0.367708 0.184259 0.043750 0.062963
0 0.165365 0.328241 0.063021 0.108333
0 0.120573 0.223611 0.068229 0.091667
0 0.165885 0.050463 0.059896 0.087963
2 0.394792 0.409722 0.059375 0.128704
2 0.742188 0.131944 0.083333 0.104630
3 0.927604 0.693519 0.036458 0.055556