0 0.861111 0.303704 0.044444 0.059259
0 0.902778 0.476543 0.036111 0.039506
0 0.665278 0.266667 0.036111 0.054321
0 0.740972 0.387654 0.040278 0.059259
0 0.769444 0.441975 0.050000 0.069136
0 0.826389 0.516049 0.052778 0.069136
0 0.615278 0.339506 0.047222 0.076543
0 0.634722 0.397531 0.050000 0.074074
0 0.577778 0.381481 0.038889 0.061728
0 0.446528 0.462963 0.054167 0.081481
0 0.654861 0.534568 0.037500 0.066667
0 0.579167 0.606173 0.055556 0.111111
2 0.906250 0.372840 0.040278 0.059259
2 0.959722 0.358025 0.052778 0.064198
2 0.785417 0.275309 0.043056 0.037037
2 0.540972 0.246914 0.037500 0.034568
2 0.498611 0.322222 0.041667 0.061728
2 0.456944 0.327160 0.052778 0.066667
2 0.541667 0.374074 0.047222 0.041975
2 0.422917 0.404938 0.043056 0.054321
2 0.512500 0.413580 0.055556 0.071605
2 0.456250 0.528395 0.062500 0.079012
2 0.905556 0.525926 0.047222 0.093827
2 0.939583 0.783951 0.040278 0.071605
2 0.251389 0.792593 0.091667 0.153086