3 0.739583 0.543210 0.023611 0.039506
3 0.720833 0.422222 0.030556 0.039506
2 0.833333 0.971605 0.080556 0.056790
2 0.179167 0.974074 0.075000 0.051852
2 0.309722 0.590123 0.152778 0.241975
2 0.839583 0.614815 0.084722 0.113580
2 0.920139 0.476543 0.159722 0.217284
0 0.459028 0.959259 0.093056 0.081481
0 0.711111 0.887654 0.088889 0.190123
0 0.734028 0.724691 0.095833 0.155556
0 0.672222 0.622222 0.069444 0.103704
0 0.579167 0.683951 0.069444 0.093827
0 0.603472 0.559259 0.079167 0.111111
0 0.600694 0.277778 0.079167 0.120988
0 0.719444 0.056790 0.094444 0.113580