2 0.072222 0.302469 0.144444 0.175309
2 0.065278 0.098765 0.130556 0.148148
3 0.729861 0.144444 0.023611 0.041975
3 0.934722 0.458025 0.033333 0.037037
3 0.881250 0.398765 0.029167 0.046914
3 0.829167 0.385185 0.033333 0.044444
3 0.783333 0.377778 0.036111 0.039506
2 0.790278 0.190123 0.072222 0.059259
2 0.612500 0.160494 0.055556 0.088889
2 0.459028 0.312346 0.048611 0.086420
2 0.237500 0.492593 0.113889 0.150617
2 0.423611 0.662963 0.052778 0.081481
0 0.334722 0.427160 0.050000 0.103704
0 0.509722 0.100000 0.063889 0.116049
0 0.613194 0.516049 0.059722 0.118519
0 0.731944 0.618519 0.069444 0.116049
0 0.652083 0.611111 0.068056 0.130864
0 0.506944 0.549383 0.077778 0.130864
0 0.141667 0.398765 0.102778 0.125926
0 0.110417 0.827160 0.140278 0.143210