0 0.709722 0.155556 0.061111 0.088889
2 0.929861 0.032099 0.112500 0.064198
2 0.622222 0.183951 0.088889 0.135802
2 0.443750 0.079012 0.048611 0.088889
0 0.336806 0.195062 0.023611 0.108642
0 0.377778 0.239506 0.050000 0.088889
0 0.563194 0.088889 0.059722 0.098765
0 0.940972 0.265432 0.118056 0.165432
2 0.623611 0.829630 0.027778 0.069136
0 0.513194 0.432099 0.068056 0.128395
0 0.649306 0.474074 0.076389 0.118519
0 0.562500 0.703704 0.063889 0.133333
0 0.661806 0.972840 0.068056 0.054321
0 0.590972 0.948148 0.070833 0.103704
2 0.772917 0.382716 0.070833 0.079012
2 0.867361 0.895062 0.165278 0.209877
2 0.340972 0.964198 0.084722 0.071605