0 0.796528 0.976543 0.093056 0.046914
3 0.805556 0.827160 0.058333 0.054321
3 0.980556 0.480247 0.038889 0.051852
3 0.927083 0.439506 0.040278 0.039506
3 0.972917 0.334568 0.045833 0.037037
3 0.921528 0.190123 0.048611 0.034568
3 0.881250 0.255556 0.026389 0.041975
3 0.824306 0.222222 0.034722 0.034568
3 0.690972 0.419753 0.031944 0.054321
3 0.691667 0.211111 0.027778 0.037037
0 0.595833 0.508642 0.047222 0.138272
0 0.570833 0.092593 0.088889 0.130864
0 0.546528 0.193827 0.040278 0.081481
0 0.441667 0.183951 0.038889 0.056790
0 0.152778 0.407407 0.152778 0.192593
0 0.120833 0.781481 0.088889 0.091358
0 0.343750 0.962963 0.093056 0.074074
0 0.351389 0.060494 0.058333 0.096296
0 0.410417 0.276543 0.059722 0.108642
0 0.413194 0.374074 0.051389 0.081481
0 0.488889 0.320988 0.077778 0.123457
0 0.522917 0.453086 0.059722 0.091358
0 0.541667 0.529630 0.055556 0.081481
0 0.568750 0.608642 0.068056 0.130864
0 0.650000 0.687654 0.086111 0.150617
0 0.484028 0.781481 0.068056 0.106173
0 0.337500 0.661728 0.069444 0.138272
0 0.212500 0.744444 0.113889 0.135802