0 0.316667 0.682716 0.047222 0.051852
2 0.419444 0.414815 0.033333 0.059259
2 0.495139 0.386420 0.043056 0.071605
2 0.508333 0.298765 0.052778 0.083951
2 0.637500 0.308642 0.058333 0.103704
2 0.754167 0.134568 0.080556 0.125926
2 0.587500 0.050617 0.061111 0.101235
0 0.790972 0.479012 0.090278 0.108642
0 0.027778 0.423457 0.052778 0.116049
0 0.026389 0.569136 0.052778 0.071605
0 0.251389 0.564198 0.086111 0.096296
0 0.377083 0.629630 0.051389 0.069136
0 0.531250 0.645679 0.068056 0.086420
0 0.478472 0.788889 0.054167 0.056790
0 0.497222 0.933333 0.036111 0.044444
0 0.461806 0.972840 0.023611 0.034568
0 0.540278 0.944444 0.027778 0.037037
0 0.634028 0.908642 0.043056 0.054321
0 0.683333 0.932099 0.030556 0.037037
0 0.764583 0.843210 0.040278 0.056790
0 0.739583 0.690123 0.062500 0.066667
0 0.659028 0.638272 0.068056 0.081481
0 0.931944 0.690123 0.044444 0.046914
3 0.601389 0.717284 0.027778 0.027160
3 0.893750 0.546914 0.031944 0.032099