0 0.032552 0.206019 0.065104 0.108333
2 0.173958 0.497685 0.098958 0.134259
2 0.353906 0.113426 0.061979 0.097222
2 0.387500 0.437963 0.051042 0.138889
2 0.319271 0.384722 0.047917 0.108333
0 0.251042 0.366667 0.057292 0.090741
0 0.702865 0.135648 0.044271 0.075000
0 0.466146 0.256944 0.050000 0.099074
3 0.296615 0.871296 0.031771 0.044444
2 0.522396 0.505093 0.058333 0.086111
3 0.632292 0.898148 0.035417 0.037037
3 0.608854 0.924537 0.031250 0.039815
2 0.866406 0.950463 0.069271 0.099074
2 0.630469 0.628241 0.071354 0.108333
2 0.734115 0.700463 0.051562 0.097222
2 0.512760 0.922685 0.119271 0.154630