2 0.175694 0.848148 0.109722 0.190123
2 0.108333 0.911111 0.086111 0.143210
0 0.972917 0.525926 0.054167 0.113580
0 0.943056 0.698765 0.097222 0.162963
0 0.603472 0.146914 0.062500 0.120988
0 0.063194 0.238272 0.098611 0.204938
0 0.220833 0.670370 0.080556 0.150617
0 0.046528 0.958025 0.084722 0.083951
2 0.930556 0.369136 0.063889 0.081481
2 0.921528 0.475309 0.062500 0.091358
2 0.502778 0.558025 0.086111 0.143210
2 0.233333 0.446914 0.130556 0.148148
2 0.174306 0.582716 0.104167 0.167901
2 0.372222 0.300000 0.052778 0.071605
0 0.459028 0.203704 0.068056 0.120988