0 0.332639 0.185185 0.040278 0.059259
0 0.481944 0.316049 0.047222 0.074074
0 0.738889 0.196296 0.052778 0.081481
0 0.697222 0.071605 0.044444 0.069136
0 0.543056 0.451852 0.036111 0.083951
0 0.536111 0.575309 0.055556 0.108642
0 0.377083 0.609877 0.076389 0.103704
0 0.409028 0.717284 0.070833 0.145679
0 0.348611 0.743210 0.080556 0.138272
0 0.280556 0.624691 0.083333 0.128395
0 0.328472 0.465432 0.048611 0.081481
0 0.151389 0.543210 0.066667 0.103704
0 0.067361 0.712346 0.084722 0.120988
0 0.290972 0.930864 0.068056 0.103704