2 0.763889 0.749383 0.066667 0.145679
2 0.500000 0.843210 0.088889 0.175309
0 0.933333 0.507407 0.069444 0.120988
0 0.899306 0.455556 0.068056 0.101235
0 0.922917 0.411111 0.059722 0.096296
0 0.613194 0.062963 0.043056 0.071605
0 0.497222 0.277778 0.058333 0.106173
0 0.644444 0.914815 0.077778 0.170370
0 0.568056 0.964198 0.077778 0.071605
0 0.570139 0.748148 0.070833 0.118519
0 0.557639 0.876543 0.059722 0.123457
0 0.404167 0.872840 0.080556 0.125926
0 0.390972 0.758025 0.076389 0.128395
0 0.327778 0.824691 0.100000 0.172840
0 0.218750 0.707407 0.079167 0.140741