0 0.929861 0.582716 0.040278 0.069136
0 0.832639 0.806173 0.051389 0.106173
0 0.833333 0.622222 0.052778 0.083951
0 0.709722 0.412346 0.047222 0.069136
0 0.533333 0.245679 0.041667 0.081481
0 0.393056 0.051852 0.038889 0.064198
0 0.406944 0.120988 0.044444 0.059259
0 0.386806 0.267901 0.054167 0.106173
0 0.240972 0.291358 0.059722 0.054321
0 0.310417 0.532099 0.073611 0.096296
0 0.560417 0.680247 0.062500 0.096296
0 0.463889 0.530864 0.069444 0.123457
2 0.730556 0.722222 0.061111 0.091358
2 0.703472 0.791358 0.070833 0.125926
2 0.613889 0.698765 0.072222 0.118519
2 0.514583 0.969136 0.070833 0.061728
2 0.329167 0.735802 0.063889 0.108642
2 0.286806 0.945679 0.090278 0.108642
2 0.046528 0.962963 0.090278 0.074074