0 0.825694 0.683951 0.045833 0.079012
0 0.830556 0.779012 0.047222 0.091358
0 0.915278 0.723457 0.044444 0.069136
0 0.684722 0.572840 0.044444 0.064198
0 0.577778 0.348148 0.027778 0.059259
0 0.497917 0.445679 0.045833 0.071605
0 0.350000 0.272840 0.033333 0.061728
0 0.365972 0.335802 0.043056 0.069136
0 0.197222 0.564198 0.072222 0.081481
0 0.349306 0.506173 0.054167 0.088889
0 0.443056 0.755556 0.066667 0.113580
2 0.735417 0.930864 0.059722 0.093827
2 0.604167 0.933333 0.077778 0.123457
0 0.544444 0.928395 0.069444 0.113580
0 0.169444 0.971605 0.072222 0.056790