2 0.586111 0.544444 0.038889 0.071605
0 0.659722 0.100000 0.038889 0.076543
2 0.049306 0.545679 0.095833 0.103704
2 0.160417 0.537037 0.098611 0.096296
2 0.340278 0.593827 0.052778 0.091358
2 0.630556 0.398765 0.055556 0.081481
2 0.578472 0.348148 0.054167 0.093827
2 0.708333 0.238272 0.050000 0.071605
2 0.585417 0.146914 0.040278 0.071605
0 0.274306 0.817284 0.098611 0.182716
0 0.108333 0.451852 0.097222 0.133333
0 0.152083 0.254321 0.051389 0.079012
0 0.482639 0.355556 0.040278 0.088889
0 0.527083 0.377778 0.034722 0.079012
0 0.693056 0.886420 0.080556 0.143210
0 0.885417 0.749383 0.081944 0.170370
2 0.975694 0.786420 0.048611 0.170370
2 0.816667 0.919753 0.083333 0.135802
2 0.757639 0.824691 0.081944 0.118519