2 0.711111 0.698765 0.127778 0.222222
2 0.508333 0.823457 0.136111 0.204938
2 0.575694 0.408642 0.070833 0.130864
2 0.426389 0.480247 0.080556 0.150617
0 0.571528 0.940741 0.093056 0.118519
0 0.900694 0.040741 0.118056 0.081481
0 0.913194 0.193827 0.112500 0.224691
0 0.825694 0.135802 0.104167 0.237037
0 0.709722 0.051852 0.113889 0.103704
0 0.850694 0.390123 0.131944 0.197531
0 0.949306 0.545679 0.101389 0.222222
0 0.863194 0.719753 0.118056 0.214815
0 0.825694 0.595062 0.104167 0.197531
0 0.373611 0.766667 0.069444 0.106173
0 0.367361 0.912346 0.076389 0.130864
0 0.426389 0.143210 0.136111 0.266667
0 0.300000 0.188889 0.108333 0.170370
0 0.293750 0.643210 0.084722 0.116049
1 0.768750 0.455556 0.059722 0.239506
1 0.570139 0.209877 0.134722 0.296296
1 0.579861 0.703704 0.148611 0.197531