2 0.841667 0.425926 0.069444 0.120988
2 0.788889 0.440741 0.066667 0.106173
2 0.599306 0.622222 0.056944 0.074074
2 0.345139 0.844444 0.048611 0.079012
2 0.174306 0.972840 0.070833 0.054321
0 0.579167 0.532099 0.055556 0.086420
0 0.421528 0.520988 0.054167 0.088889
0 0.545139 0.941975 0.081944 0.116049
0 0.384028 0.835802 0.040278 0.106173
0 0.386806 0.741975 0.043056 0.086420
0 0.255556 0.548148 0.044444 0.064198
0 0.091667 0.525926 0.061111 0.074074
0 0.154861 0.708642 0.073611 0.093827
0 0.874306 0.129630 0.101389 0.170370
0 0.702778 0.539506 0.069444 0.125926