3 5.208333 2.264198 0.250000 0.301235
3 4.727778 3.933333 0.458333 0.706173
3 4.330556 3.407407 0.200000 0.241975
3 4.045139 3.483951 0.379167 0.528395
3 4.798611 2.462963 0.316667 0.358025
3 4.392361 2.497531 0.434722 0.412346
3 4.002083 2.653086 0.143056 0.160494
3 3.718750 2.520988 0.345833 0.434568
3 2.595833 4.658025 0.313889 0.466667
3 0.463889 0.732099 0.200000 0.308642
3 2.521528 2.529630 0.201389 0.185185
3 2.234028 1.813580 0.273611 0.283951
3 2.949306 1.444444 0.245833 0.217284
2 5.075694 1.564198 0.515278 0.432099