2 0.834028 0.334568 0.034722 0.051852
2 0.856250 0.424691 0.043056 0.074074
0 0.340972 0.691358 0.040278 0.059259
0 0.342361 0.801235 0.054167 0.106173
0 0.893750 0.718519 0.065278 0.108642
0 0.872222 0.611111 0.058333 0.106173
0 0.570833 0.434568 0.038889 0.074074
0 0.451389 0.493827 0.058333 0.108642
0 0.289583 0.528395 0.043056 0.074074
0 0.209028 0.575309 0.070833 0.103704
0 0.127778 0.587654 0.083333 0.108642
2 0.808333 0.839506 0.063889 0.108642
2 0.634722 0.755556 0.050000 0.093827
2 0.407639 0.888889 0.070833 0.143210
2 0.387500 0.732099 0.041667 0.061728
2 0.222222 0.780247 0.094444 0.128395
2 0.063889 0.832099 0.069444 0.083951