0 0.522222 0.428395 0.044444 0.106173
2 0.906944 0.039506 0.066667 0.079012
0 0.793056 0.055556 0.105556 0.111111
0 0.635417 0.032099 0.056944 0.064198
0 0.643056 0.137037 0.055556 0.120988
0 0.779167 0.292593 0.072222 0.135802
0 0.195833 0.559259 0.077778 0.145679
2 0.040278 0.237037 0.061111 0.079012
2 0.089583 0.428395 0.093056 0.145679
2 0.381250 0.223457 0.054167 0.106173
2 0.565278 0.279012 0.055556 0.108642
2 0.434722 0.561728 0.058333 0.096296
2 0.970139 0.777778 0.059722 0.108642
2 0.946528 0.925926 0.106944 0.148148
2 0.583333 0.893827 0.066667 0.143210
2 0.488889 0.808642 0.066667 0.120988
2 0.154861 0.765432 0.101389 0.158025
2 0.120139 0.901235 0.081944 0.128395