0 0.574306 0.398765 0.048611 0.076543
2 0.749306 0.269136 0.054167 0.093827
2 0.911111 0.851852 0.102778 0.162963
2 0.595139 0.480247 0.054167 0.081481
2 0.367361 0.676543 0.043056 0.059259
2 0.311111 0.870370 0.058333 0.096296
2 0.225694 0.811111 0.062500 0.091358
0 0.273611 0.462963 0.044444 0.056790
0 0.125000 0.460494 0.058333 0.056790
0 0.196528 0.602469 0.059722 0.083951
0 0.679861 0.365432 0.051389 0.103704
0 0.423611 0.416049 0.047222 0.066667
0 0.401389 0.607407 0.038889 0.074074
0 0.403472 0.682716 0.037500 0.071605
0 0.547917 0.762963 0.073611 0.123457
0 0.490278 0.876543 0.061111 0.098765
0 0.313194 0.951852 0.095833 0.096296