3 0.463889 1.969136 0.497222 0.782716
3 4.350000 1.611111 0.261111 0.437037
3 4.175694 2.767901 0.315278 0.479012
3 5.227778 3.518519 0.211111 0.548148
3 4.990972 4.354321 0.326389 0.525926
3 3.947222 4.871605 0.625000 0.923457
3 3.717361 0.556790 0.187500 0.298765
3 3.701389 0.798765 0.233333 0.338272
3 3.109028 1.530864 0.279167 0.483951
3 2.998611 1.927160 0.322222 0.476543
3 2.665972 1.948148 0.315278 0.449383
3 2.415278 2.440741 0.302778 0.649383
3 2.084722 3.941975 0.447222 0.965432
3 5.198611 2.467901 0.261111 0.580247
3 4.822222 2.477778 0.330556 0.614815
3 3.622222 1.666667 0.252778 0.395062
3 3.831250 1.965432 0.323611 0.582716
3 3.384028 1.500000 0.265278 0.437037
3 2.295833 0.333333 0.250000 0.375309
3 2.554861 0.760494 0.187500 0.320988
3 2.734722 0.966667 0.252778 0.348148
3 2.413889 1.428395 0.269444 0.441975
3 2.028472 1.969136 0.265278 0.422222