1 0.890278 0.620988 0.155556 0.254321
1 0.749306 0.782716 0.087500 0.434568
2 0.715972 0.251852 0.079167 0.217284
2 0.709028 0.067901 0.068056 0.091358
2 0.368056 0.653086 0.066667 0.111111
1 0.156250 0.660494 0.109722 0.135802
2 0.668750 0.816049 0.123611 0.244444
2 0.324306 0.282716 0.056944 0.076543
2 0.303472 0.383951 0.062500 0.106173
2 0.356944 0.381481 0.058333 0.096296
0 0.464583 0.801235 0.115278 0.209877
0 0.559722 0.776543 0.072222 0.125926
0 0.553472 0.593827 0.079167 0.140741
0 0.443750 0.541975 0.115278 0.234568
0 0.270139 0.701235 0.140278 0.286420
0 0.159722 0.930864 0.116667 0.138272