0 0.477083 0.532099 0.034722 0.071605
2 0.916667 0.812346 0.075000 0.128395
2 0.843750 0.804938 0.073611 0.123457
2 0.592361 0.918519 0.065278 0.103704
0 0.018056 0.690123 0.036111 0.086420
0 0.127778 0.734568 0.058333 0.056790
0 0.195833 0.745679 0.047222 0.074074
0 0.823611 0.471605 0.052778 0.088889
0 0.909722 0.319753 0.080556 0.116049
0 0.952083 0.472840 0.095833 0.200000
0 0.729861 0.890123 0.081944 0.160494
0 0.569444 0.803704 0.058333 0.096296
0 0.387500 0.754321 0.055556 0.096296
0 0.329167 0.975309 0.044444 0.049383
0 0.037500 0.970370 0.075000 0.059259