3 4.444444 1.166667 0.188889 0.254321
1 2.790278 4.303704 0.644444 0.533333
3 3.181250 5.077778 0.481944 0.511111
3 2.202778 4.622222 0.352778 0.661728
3 2.904861 4.749383 0.495833 0.659259
3 4.824306 5.064198 0.587500 0.538272
3 5.118750 4.098765 0.429167 0.686420
3 4.561111 2.113580 0.258333 0.276543
3 4.575000 2.322222 0.208333 0.224691
3 4.521528 2.460494 0.201389 0.283951
3 3.565972 1.408642 0.223611 0.249383
3 3.777778 1.345679 0.194444 0.271605
3 3.670833 2.630864 0.311111 0.412346
3 3.830556 3.248148 0.269444 0.372840
3 4.019444 4.276543 0.450000 0.479012
3 3.485417 3.346914 0.348611 0.580247
3 3.046528 2.906173 0.265278 0.454321
3 2.816667 3.111111 0.266667 0.474074
3 3.088194 2.093827 0.265278 0.479012
3 1.725000 2.295062 0.236111 0.343210
3 1.534722 2.480247 0.247222 0.323457
3 0.916667 2.282716 0.227778 0.318519
3 0.268750 3.037037 0.276389 0.350617
3 0.455556 3.328395 0.311111 0.439506
3 0.576389 1.992593 0.244444 0.385185