1 0.225000 0.709877 0.052778 0.101235
0 0.143056 0.928395 0.113889 0.143210
0 0.768750 0.180247 0.104167 0.172840
0 0.781944 0.475309 0.075000 0.150617
0 0.611111 0.312346 0.061111 0.125926
0 0.592361 0.188889 0.056944 0.111111
0 0.217361 0.053086 0.056944 0.106173
0 0.026389 0.170370 0.052778 0.167901
2 0.353472 0.076543 0.059722 0.083951
2 0.879167 0.162963 0.063889 0.098765
2 0.031250 0.814815 0.062500 0.197531
2 0.337500 0.479012 0.058333 0.108642
2 0.543750 0.485185 0.051389 0.116049
2 0.422222 0.869136 0.066667 0.133333
2 0.356944 0.675309 0.055556 0.091358