0 0.743750 0.570370 0.076389 0.172840
2 0.825694 0.719753 0.040278 0.071605
2 0.784028 0.648148 0.062500 0.091358
0 0.211111 0.690123 0.047222 0.071605
0 0.673611 0.040741 0.058333 0.081481
2 0.298611 0.088889 0.047222 0.059259
2 0.044444 0.271605 0.083333 0.079012
2 0.357639 0.140741 0.056944 0.079012
2 0.313194 0.375309 0.065278 0.098765
2 0.343750 0.564198 0.051389 0.081481
2 0.272917 0.520988 0.062500 0.103704
2 0.665972 0.782716 0.081944 0.138272
2 0.744444 0.866667 0.041667 0.083951
0 0.428472 0.061728 0.079167 0.113580