2 0.612500 0.366667 0.050000 0.056790
2 0.279167 0.718519 0.047222 0.054321
0 0.107639 0.914815 0.120833 0.150617
2 0.199306 0.923457 0.090278 0.108642
0 0.454167 0.728395 0.077778 0.133333
0 0.468750 0.903704 0.090278 0.177778
0 0.182639 0.516049 0.070833 0.064198
0 0.037500 0.539506 0.075000 0.086420
0 0.475000 0.403704 0.075000 0.106173
0 0.715278 0.372840 0.086111 0.113580
0 0.969444 0.150617 0.061111 0.148148
2 0.777778 0.512346 0.091667 0.081481
0 0.396528 0.827160 0.070833 0.133333
0 0.253472 0.488889 0.048611 0.069136
2 0.599306 0.461728 0.079167 0.074074
2 0.613194 0.654321 0.059722 0.108642