1 0.747222 0.116049 0.191667 0.172840
1 0.690972 0.181481 0.193056 0.180247
3 0.649306 0.041975 0.137500 0.083951
3 0.718056 0.370370 0.216667 0.222222
0 0.604861 0.560494 0.370833 0.553086
3 0.163889 0.383951 0.272222 0.437037
3 0.345833 0.292593 0.202778 0.417284
1 0.487500 0.248148 0.144444 0.446914
3 0.568750 0.197531 0.106944 0.241975
1 0.263194 0.098765 0.162500 0.113580
1 0.092361 0.083951 0.184722 0.167901
1 0.375694 0.037037 0.068056 0.074074
0 0.885417 0.601235 0.229167 0.432099
0 0.822917 0.766667 0.304167 0.466667