0 0.077778 0.769136 0.147222 0.229630
0 0.390972 0.629630 0.101389 0.187654
0 0.163889 0.923457 0.155556 0.153086
0 0.395139 0.909877 0.087500 0.175309
0 0.609028 0.796296 0.093056 0.170370
0 0.772917 0.913580 0.109722 0.172840
0 0.566667 0.951852 0.119444 0.096296
0 0.479861 0.035802 0.090278 0.066667
2 0.506944 0.233333 0.133333 0.224691
2 0.509028 0.703704 0.131944 0.296296
2 0.577083 0.524691 0.115278 0.204938
2 0.645139 0.400000 0.087500 0.138272
2 0.728472 0.382716 0.095833 0.167901
1 0.226389 0.693827 0.083333 0.335802
1 0.820833 0.545679 0.061111 0.261728
0 0.838194 0.049383 0.065278 0.098765