1 0.619444 0.397531 0.052778 0.143210
3 0.090972 0.907407 0.179167 0.185185
3 0.197917 0.802469 0.143056 0.251852
3 0.317361 0.706173 0.126389 0.222222
3 0.328472 0.886420 0.101389 0.227160
3 0.124306 0.320988 0.118056 0.162963
3 0.579861 0.241975 0.095833 0.148148
0 0.465278 0.280247 0.088889 0.190123
0 0.528472 0.400000 0.079167 0.113580
1 0.416667 0.883951 0.122222 0.232099
3 0.491667 0.860494 0.119444 0.249383
0 0.554861 0.659259 0.126389 0.197531
0 0.591667 0.803704 0.144444 0.264198
0 0.724306 0.771605 0.140278 0.274074
3 0.667361 0.619753 0.129167 0.118519
1 0.836806 0.919753 0.156944 0.160494
3 0.938194 0.764198 0.123611 0.190123
1 0.852778 0.687654 0.097222 0.254321
1 0.636111 0.476543 0.172222 0.207407
1 0.851389 0.361728 0.055556 0.096296
3 0.924306 0.354321 0.079167 0.140741
3 0.795833 0.401235 0.047222 0.120988
1 0.858333 0.322222 0.075000 0.120988
3 0.756944 0.485185 0.072222 0.145679
1 0.741667 0.379012 0.080556 0.086420
1 0.873611 0.482716 0.163889 0.116049
3 0.947917 0.595062 0.104167 0.202469