2 0.180556 0.764198 0.066667 0.106173
0 0.322222 0.130864 0.041667 0.069136
0 0.337500 0.264198 0.052778 0.083951
0 0.445139 0.090123 0.051389 0.076543
0 0.593750 0.086420 0.045833 0.074074
0 0.427778 0.334568 0.047222 0.091358
0 0.561111 0.385185 0.052778 0.083951
0 0.746528 0.520988 0.043056 0.074074
0 0.663194 0.643210 0.043056 0.071605
0 0.442361 0.890123 0.056944 0.125926
2 0.684722 0.477778 0.050000 0.101235
2 0.511111 0.329630 0.066667 0.091358
2 0.684028 0.925926 0.059722 0.088889
0 0.739583 0.877778 0.076389 0.111111
1 0.861111 0.895062 0.133333 0.120988