0 0.029861 0.683951 0.059722 0.212346
0 0.142361 0.604938 0.143056 0.227160
3 0.966667 0.311111 0.066667 0.143210
3 0.960417 0.440741 0.079167 0.120988
3 0.946528 0.143210 0.079167 0.103704
1 0.920833 0.251852 0.144444 0.108642
1 0.862500 0.119753 0.105556 0.150617
3 0.849306 0.209877 0.045833 0.128395
3 0.818750 0.267901 0.054167 0.111111
1 0.900694 0.402469 0.070833 0.158025
1 0.925000 0.607407 0.147222 0.232099
3 0.653472 0.101235 0.081944 0.123457
1 0.723611 0.272840 0.133333 0.140741
3 0.756944 0.358025 0.097222 0.079012
3 0.643750 0.288889 0.070833 0.133333
3 0.578472 0.377778 0.101389 0.128395
0 0.636111 0.204938 0.066667 0.069136
0 0.568056 0.139506 0.086111 0.140741
3 0.275694 0.201235 0.101389 0.135802
0 0.822222 0.451852 0.094444 0.197531
0 0.728472 0.480247 0.101389 0.185185
0 0.678472 0.409877 0.081944 0.133333
1 0.745139 0.612346 0.062500 0.123457
0 0.787500 0.733333 0.138889 0.237037
3 0.679861 0.787654 0.129167 0.237037
1 0.615278 0.587654 0.050000 0.158025
3 0.638194 0.544444 0.118056 0.165432
3 0.540972 0.564198 0.095833 0.155556
3 0.600000 0.729630 0.058333 0.234568
3 0.498611 0.461728 0.100000 0.148148
3 0.415972 0.528395 0.106944 0.177778
3 0.358333 0.638272 0.116667 0.160494
0 0.538194 0.714815 0.120833 0.244444
0 0.444444 0.825926 0.133333 0.244444
0 0.400000 0.965432 0.122222 0.069136
3 0.352083 0.875309 0.104167 0.249383
3 0.289583 0.795062 0.137500 0.261728
3 0.188889 0.619753 0.066667 0.212346
1 0.127778 0.481481 0.144444 0.088889
1 0.176389 0.856790 0.100000 0.286420
1 0.100694 0.885185 0.093056 0.229630