0 0.440278 0.116049 0.047222 0.069136
0 0.023611 0.301235 0.047222 0.093827
0 0.018750 0.527160 0.037500 0.130864
1 0.055556 0.459259 0.108333 0.162963
3 0.155556 0.502469 0.094444 0.101235
3 0.108333 0.451852 0.063889 0.074074
3 0.115278 0.375309 0.077778 0.093827
1 0.068750 0.367901 0.070833 0.113580
0 0.086111 0.306173 0.077778 0.133333
0 0.157639 0.333333 0.073611 0.133333
0 0.209722 0.334568 0.052778 0.086420
1 0.270833 0.433333 0.111111 0.140741
0 0.288889 0.346914 0.058333 0.081481
1 0.325694 0.696296 0.093056 0.103704
0 0.328472 0.579012 0.076389 0.106173
0 0.363194 0.495062 0.068056 0.106173
0 0.403472 0.559259 0.068056 0.116049
0 0.402083 0.420988 0.043056 0.086420
3 0.467361 0.585185 0.045833 0.083951
1 0.499306 0.648148 0.059722 0.200000
1 0.513194 0.538272 0.131944 0.069136
1 0.633333 0.620988 0.119444 0.116049
0 0.418056 0.460494 0.047222 0.091358
3 0.406944 0.372840 0.052778 0.074074
0 0.459722 0.428395 0.061111 0.116049
3 0.452778 0.283951 0.047222 0.074074
1 0.496528 0.400000 0.040278 0.064198
3 0.477083 0.449383 0.037500 0.083951
3 0.516667 0.462963 0.061111 0.066667
0 0.518750 0.272840 0.037500 0.091358
0 0.559722 0.385185 0.044444 0.079012
0 0.561806 0.476543 0.051389 0.088889
0 0.584722 0.430864 0.055556 0.106173
1 0.619444 0.440741 0.047222 0.130864
3 0.571528 0.280247 0.048611 0.051852
1 0.722222 0.537037 0.063889 0.076543
3 0.689583 0.449383 0.056944 0.069136
3 0.706250 0.404938 0.045833 0.069136
3 0.731944 0.455556 0.044444 0.091358
0 0.759028 0.386420 0.062500 0.120988
1 0.805556 0.380247 0.069444 0.118519
0 0.815278 0.316049 0.058333 0.093827
0 0.854167 0.427160 0.069444 0.108642
0 0.892361 0.344444 0.056944 0.091358
1 0.864583 0.493827 0.095833 0.093827
1 0.918056 0.766667 0.125000 0.175309