1 0.668750 0.259259 0.065278 0.113580
3 0.055556 0.230864 0.047222 0.076543
1 0.026389 0.543210 0.052778 0.153086
0 0.102778 0.322222 0.063889 0.096296
3 0.113889 0.392593 0.033333 0.098765
0 0.134028 0.186420 0.059722 0.081481
3 0.159722 0.229630 0.055556 0.074074
0 0.105556 0.504938 0.080556 0.140741
1 0.160417 0.377778 0.084722 0.256790
3 0.224306 0.483951 0.084722 0.133333
3 0.213889 0.401235 0.066667 0.106173
3 0.222222 0.328395 0.058333 0.074074
0 0.206944 0.177778 0.066667 0.103704
0 0.300694 0.191358 0.079167 0.130864
0 0.240972 0.276543 0.062500 0.098765
1 0.311806 0.245679 0.081944 0.076543
0 0.383333 0.261728 0.063889 0.113580
0 0.322222 0.680247 0.097222 0.170370
0 0.406944 0.685185 0.097222 0.180247
0 0.397222 0.553086 0.088889 0.167901
0 0.450000 0.485185 0.100000 0.190123
1 0.327778 0.413580 0.127778 0.190123
3 0.401389 0.227160 0.061111 0.113580
3 0.342361 0.360494 0.073611 0.088889
3 0.403472 0.360494 0.104167 0.118519
3 0.411111 0.439506 0.080556 0.118519
3 0.472222 0.333333 0.075000 0.098765
3 0.530556 0.292593 0.077778 0.125926
1 0.497222 0.212346 0.088889 0.103704
0 0.531944 0.459259 0.094444 0.177778
3 0.586806 0.361728 0.079167 0.106173
3 0.566667 0.480247 0.055556 0.170370
1 0.628472 0.403704 0.115278 0.120988
3 0.626389 0.529630 0.108333 0.160494
3 0.662500 0.443210 0.088889 0.101235
0 0.687500 0.622222 0.130556 0.212346
0 0.765972 0.512346 0.118056 0.155556
0 0.740278 0.417284 0.111111 0.138272
0 0.749306 0.330864 0.104167 0.128395
1 0.845139 0.516049 0.081944 0.286420
3 0.855556 0.383951 0.116667 0.130864
1 0.665972 0.123457 0.115278 0.143210
0 0.772222 0.050617 0.069444 0.096296
3 0.733333 0.160494 0.097222 0.128395
3 0.772917 0.206173 0.081944 0.140741
0 0.820139 0.160494 0.059722 0.088889
1 0.845139 0.254321 0.095833 0.143210
1 0.895139 0.239506 0.076389 0.133333
1 0.938889 0.245679 0.069444 0.150617
1 0.979167 0.202469 0.041667 0.098765
1 0.953472 0.358025 0.093056 0.128395
1 0.968750 0.501235 0.062500 0.143210
1 0.265972 0.849383 0.104167 0.123457
1 0.557639 0.722222 0.226389 0.150617
1 0.690278 0.903704 0.125000 0.192593
1 0.484028 0.867901 0.112500 0.264198
3 0.484028 0.813580 0.118056 0.195062
3 0.923611 0.062963 0.119444 0.125926