0 1.718056 1.490123 0.075000 0.120988
0 1.190972 1.262963 0.076389 0.130864
0 1.166667 1.479012 0.050000 0.108642
0 0.672222 1.245679 0.088889 0.155556
0 2.161111 1.846914 0.075000 0.187654
0 2.281944 2.553086 0.111111 0.162963
0 1.790278 2.448148 0.094444 0.125926
0 1.468056 2.591358 0.138889 0.150617
0 1.013889 2.511111 0.175000 0.276543
0 0.099306 2.561728 0.195833 0.209877
0 0.118750 2.391358 0.148611 0.155556
0 0.742361 1.886420 0.104167 0.103704
0 0.875694 1.782716 0.081944 0.108642
0 1.281250 2.185185 0.106944 0.153086
0 1.610417 2.098765 0.070833 0.118519
0 1.643750 1.977778 0.090278 0.133333
0 1.838194 1.983951 0.076389 0.116049
0 1.847917 1.893827 0.095833 0.108642
0 1.658333 1.856790 0.108333 0.123457
0 1.405556 1.665432 0.083333 0.091358
0 1.277778 1.616049 0.083333 0.116049
0 1.157639 1.817284 0.068056 0.103704
0 1.045833 1.656790 0.105556 0.103704
0 0.745833 1.486420 0.075000 0.088889
0 0.208333 1.462963 0.094444 0.111111
0 0.095139 1.459259 0.081944 0.108642
0 0.050000 1.395062 0.100000 0.098765
1 1.428472 1.762963 0.201389 0.123457
2 0.570833 1.995062 0.152778 0.133333
2 1.072917 2.066667 0.184722 0.162963
2 1.384722 2.009877 0.152778 0.148148
2 0.895139 1.444444 0.106944 0.093827