3 0.588194 0.058025 0.095833 0.116049
1 0.670139 0.090123 0.126389 0.116049
1 0.722222 0.065432 0.116667 0.130864
3 0.438889 0.077778 0.102778 0.155556
3 0.335417 0.098765 0.137500 0.197531
1 0.336806 0.702469 0.362500 0.595062
3 0.662500 0.182716 0.141667 0.118519
0 0.545833 0.232099 0.166667 0.246914
0 0.622222 0.364198 0.138889 0.195062
0 0.724306 0.295062 0.123611 0.204938
0 0.445139 0.564198 0.193056 0.328395
0 0.710417 0.800000 0.265278 0.400000
1 0.563889 0.649383 0.133333 0.385185
1 0.729167 0.583951 0.230556 0.313580
1 0.788194 0.367901 0.190278 0.276543
0 0.848611 0.574074 0.152778 0.254321
0 0.895833 0.306173 0.080556 0.153086
1 0.930556 0.474074 0.138889 0.227160
0 0.975694 0.634568 0.048611 0.182716
0 0.965278 0.832099 0.069444 0.246914