1 0.523611 0.474074 0.055556 0.088889
1 0.435417 0.525926 0.051389 0.138272
0 0.483333 0.487654 0.052778 0.096296
0 0.496528 0.655556 0.056944 0.125926
0 0.546528 0.685185 0.065278 0.111111
3 0.529167 0.588889 0.052778 0.076543
3 0.577083 0.593827 0.062500 0.091358
3 0.565972 0.718519 0.059722 0.108642
3 0.602778 0.666667 0.052778 0.088889
3 0.625000 0.619753 0.061111 0.069136
3 0.604861 0.787654 0.079167 0.103704
3 0.645833 0.745679 0.055556 0.074074
1 0.622917 0.702469 0.065278 0.081481
0 0.716667 0.716049 0.063889 0.098765
1 0.802083 0.730864 0.068056 0.118519
0 0.636111 0.871605 0.077778 0.143210
0 0.699306 0.759259 0.070833 0.111111
1 0.680556 0.825926 0.072222 0.066667
0 0.753472 0.849383 0.081944 0.133333
3 0.636111 0.427160 0.055556 0.069136
0 0.772917 0.549383 0.045833 0.116049
3 0.686111 0.643210 0.058333 0.096296
3 0.747222 0.653086 0.069444 0.096296
3 0.780556 0.796296 0.080556 0.096296
3 0.864583 0.608642 0.070833 0.096296
3 0.884028 0.813580 0.081944 0.101235
3 0.961806 0.864198 0.076389 0.128395
1 0.770139 0.945679 0.087500 0.108642