0 0.583333 0.146914 0.086111 0.130864
3 0.032639 0.240741 0.065278 0.165432
3 0.099306 0.182716 0.095833 0.133333
1 0.055556 0.918519 0.108333 0.162963
3 0.171528 0.904938 0.154167 0.190123
1 0.229167 0.943210 0.205556 0.113580
1 0.139583 0.758025 0.181944 0.222222
1 0.198611 0.676543 0.155556 0.237037
3 0.285417 0.729630 0.134722 0.254321
0 0.409028 0.859259 0.229167 0.281481
0 0.468056 0.667901 0.136111 0.234568
0 0.397222 0.603704 0.136111 0.239506
0 0.706250 0.845679 0.181944 0.308642
1 0.847917 0.845679 0.176389 0.308642
1 0.850694 0.551852 0.231944 0.382716
1 0.635417 0.698765 0.256944 0.251852
0 0.710417 0.491358 0.168056 0.271605
0 0.366667 0.425926 0.116667 0.185185
1 0.583333 0.567901 0.155556 0.202469
0 0.515972 0.448148 0.118056 0.214815
1 0.527778 0.430864 0.194444 0.165432
3 0.709722 0.304938 0.138889 0.175309
3 0.847917 0.250617 0.140278 0.165432
1 0.440278 0.383951 0.075000 0.254321
1 0.349306 0.258025 0.045833 0.160494
0 0.394444 0.216049 0.086111 0.165432
0 0.443056 0.179012 0.102778 0.140741
0 0.509722 0.253086 0.100000 0.165432
0 0.604167 0.261728 0.108333 0.217284
0 0.670833 0.181481 0.097222 0.165432
0 0.780556 0.139506 0.080556 0.116049
3 0.577778 0.116049 0.102778 0.138272
1 0.421528 0.101235 0.068056 0.093827
0 0.443750 0.054321 0.098611 0.108642
0 0.535417 0.056790 0.084722 0.113580
1 0.861111 0.153086 0.102778 0.162963
0 0.893750 0.048148 0.095833 0.096296
1 0.963889 0.056790 0.069444 0.113580