0 0.739583 0.293827 0.048611 0.074074
0 0.540972 0.339506 0.048611 0.096296
0 0.436806 0.470370 0.043056 0.086420
0 0.318056 0.404938 0.050000 0.074074
0 0.363194 0.354321 0.045833 0.066667
0 0.365972 0.574074 0.056944 0.116049
0 0.641667 0.448148 0.052778 0.096296
0 0.679167 0.638272 0.066667 0.111111
0 0.977778 0.688889 0.044444 0.093827
2 0.539583 0.965432 0.073611 0.069136
2 0.469444 0.922222 0.080556 0.130864
2 0.604167 0.771605 0.055556 0.091358
2 0.831944 0.514815 0.063889 0.091358
2 0.781944 0.451852 0.058333 0.083951