0 0.495833 0.164198 0.063889 0.120988
2 0.534722 0.087654 0.041667 0.081481
2 0.570139 0.064198 0.040278 0.074074
2 0.682639 0.846914 0.084722 0.162963
2 0.935417 0.253086 0.109722 0.130864
2 0.614583 0.461728 0.062500 0.128395
2 0.406944 0.611111 0.052778 0.091358
0 0.276389 0.617284 0.086111 0.167901
0 0.176389 0.340741 0.066667 0.113580
0 0.245139 0.250617 0.065278 0.086420
0 0.379861 0.408642 0.068056 0.140741
0 0.679861 0.295062 0.076389 0.150617
0 0.830556 0.643210 0.097222 0.180247
0 0.787500 0.040741 0.072222 0.081481
0 0.598611 0.588889 0.058333 0.120988