2 0.887500 0.627160 0.069444 0.088889
2 0.672917 0.861728 0.045833 0.083951
2 0.547917 0.958025 0.068056 0.083951
0 0.627778 0.117284 0.038889 0.066667
0 0.527083 0.583951 0.040278 0.076543
0 0.648611 0.734568 0.038889 0.076543
0 0.079167 0.480247 0.086111 0.101235
0 0.462500 0.485185 0.041667 0.061728
0 0.422917 0.525926 0.040278 0.069136
0 0.461806 0.667901 0.048611 0.086420
0 0.624306 0.485185 0.045833 0.086420
0 0.806250 0.438272 0.045833 0.066667
0 0.711111 0.569136 0.055556 0.091358
0 0.740972 0.720988 0.054167 0.088889