0 0.809028 0.408642 0.059722 0.086420
0 0.584722 0.201235 0.038889 0.061728
0 0.668750 0.254321 0.037500 0.064198
0 0.894444 0.803704 0.075000 0.111111
0 0.943750 0.914815 0.112500 0.160494
0 0.984722 0.646914 0.030556 0.079012
0 0.728472 0.512346 0.045833 0.056790
0 0.638194 0.624691 0.051389 0.083951
0 0.650000 0.751852 0.052778 0.091358
0 0.571528 0.779012 0.034722 0.066667
0 0.469444 0.612346 0.044444 0.079012
0 0.563889 0.548148 0.044444 0.088889
0 0.410417 0.513580 0.040278 0.059259
0 0.367361 0.548148 0.043056 0.064198
0 0.399306 0.680247 0.051389 0.081481
0 0.039583 0.441975 0.079167 0.103704
2 0.779861 0.680247 0.054167 0.076543
2 0.586111 0.881481 0.052778 0.079012
2 0.459722 0.953086 0.069444 0.093827