0 0.544444 0.497531 0.044444 0.106173
2 0.362500 0.495062 0.052778 0.081481
2 0.563194 0.382716 0.051389 0.133333
2 0.845139 0.220988 0.087500 0.106173
2 0.939583 0.314815 0.095833 0.130864
2 0.607639 0.706173 0.070833 0.133333
2 0.431944 0.961728 0.091667 0.076543
0 0.237500 0.485185 0.083333 0.155556
0 0.141667 0.214815 0.077778 0.118519
0 0.215278 0.134568 0.075000 0.091358
0 0.341667 0.292593 0.063889 0.135802
0 0.467361 0.097531 0.068056 0.116049
0 0.627778 0.223457 0.077778 0.140741
0 0.734028 0.534568 0.101389 0.165432
0 0.763889 0.932099 0.125000 0.135802
0 0.740972 0.025926 0.054167 0.051852