2 0.972917 0.761728 0.054167 0.106173
0 0.051389 0.211111 0.072222 0.101235
0 0.514583 0.312346 0.093056 0.145679
0 0.622222 0.593827 0.058333 0.130864
0 0.354167 0.760494 0.069444 0.128395
0 0.187500 0.719753 0.094444 0.140741
2 0.561111 0.264198 0.066667 0.098765
2 0.391667 0.196296 0.066667 0.086420
2 0.409028 0.283951 0.068056 0.108642
2 0.117361 0.314815 0.065278 0.091358
2 0.325694 0.958025 0.065278 0.083951
2 0.832639 0.635802 0.084722 0.116049
2 0.761111 0.858025 0.072222 0.116049
1 0.688194 0.797531 0.093056 0.212346