0 0.723611 1.979012 0.144444 0.224691
0 2.635417 0.908642 0.062500 0.237037
0 2.138194 1.070370 0.168056 0.224691
0 1.914583 1.467901 0.156944 0.239506
0 1.667361 2.086420 0.159722 0.241975
0 1.803472 1.843210 0.162500 0.214815
0 1.381250 1.512346 0.176389 0.313580
0 0.873611 2.045679 0.208333 0.308642
2 2.319444 1.227160 0.116667 0.158025
2 2.122917 1.393827 0.184722 0.274074
2 1.946528 1.043210 0.106944 0.249383
2 1.433333 2.567901 0.152778 0.197531
2 1.349306 1.695062 0.151389 0.200000
2 0.805556 1.819753 0.188889 0.241975