3 2.388194 1.692593 0.145833 0.234568
3 2.596528 1.575309 0.168056 0.217284
3 2.345833 1.538272 0.202778 0.237037
3 1.677778 2.416049 0.300000 0.437037
3 1.466667 3.125926 0.211111 0.395062
3 3.170833 3.601235 0.397222 0.407407
3 3.341667 2.808642 0.388889 0.545679
3 3.761111 3.118519 0.261111 0.533333
3 4.160417 3.411111 0.509722 0.748148
3 4.805556 2.798765 0.280556 0.402469
3 4.702083 2.200000 0.276389 0.375309
3 4.819444 1.965432 0.261111 0.276543
3 5.049306 1.896296 0.318056 0.360494
3 4.086806 2.092593 0.245833 0.298765
3 4.325000 2.234568 0.302778 0.414815
3 5.156250 4.038272 0.354167 0.748148
3 4.038889 5.122222 0.497222 0.422222
3 3.790278 4.695062 0.450000 0.614815
3 3.995833 4.175309 0.488889 0.800000
3 2.765972 4.675309 0.423611 0.683951
3 2.609028 5.081481 0.265278 0.449383
3 3.282639 4.885185 0.334722 0.402469
3 2.993056 2.340741 0.202778 0.202469
3 3.163194 2.055556 0.256944 0.249383
3 0.552083 2.981481 0.218056 0.283951
3 0.772917 2.485185 0.218056 0.269136
3 2.162500 4.079012 0.369444 0.483951
3 3.211111 1.477778 0.180556 0.234568
3 3.189583 1.219753 0.131944 0.246914