0 0.306944 0.050617 0.066667 0.101235
1 0.679861 0.914815 0.095833 0.140741
0 0.865278 0.809877 0.077778 0.123457
2 0.070139 0.658025 0.106944 0.160494
2 0.395833 0.354321 0.091667 0.155556
2 0.745139 0.735802 0.079167 0.133333
2 0.630556 0.750617 0.094444 0.148148
2 0.677778 0.691358 0.091667 0.143210
2 0.536111 0.688889 0.086111 0.093827
2 0.457639 0.635802 0.081944 0.130864
2 0.468750 0.548148 0.056944 0.079012
2 0.495833 0.809877 0.072222 0.133333
2 0.124306 0.788889 0.093056 0.086420
2 0.299306 0.602469 0.087500 0.138272
2 0.295139 0.397531 0.126389 0.197531