0 0.018056 0.398765 0.036111 0.086420
0 0.090972 0.313580 0.045833 0.074074
0 0.340972 0.281481 0.040278 0.074074
0 0.346528 0.444444 0.045833 0.074074
0 0.438194 0.371605 0.043056 0.076543
0 0.504861 0.497531 0.048611 0.056790
0 0.492361 0.401235 0.037500 0.051852
0 0.541667 0.406173 0.036111 0.051852
0 0.602778 0.491358 0.038889 0.064198
0 0.726389 0.956790 0.047222 0.086420
0 0.821528 0.429630 0.048611 0.079012
0 0.840972 0.530864 0.045833 0.074074
2 0.131250 0.958025 0.090278 0.083951
0 0.453472 0.843210 0.076389 0.135802