3 0.950000 0.182716 0.100000 0.182716
0 0.922917 0.400000 0.154167 0.404938
0 0.812500 0.097531 0.211111 0.195062
1 0.839583 0.486420 0.215278 0.587654
0 0.779861 0.862963 0.209722 0.274074
1 0.671528 0.700000 0.284722 0.214815
0 0.688889 0.471605 0.105556 0.306173
3 0.688194 0.192593 0.131944 0.311111
0 0.569444 0.292593 0.161111 0.323457
0 0.520139 0.080247 0.131944 0.160494
0 0.451389 0.179012 0.152778 0.264198
3 0.538194 0.569136 0.168056 0.234568
3 0.467361 0.439506 0.070833 0.266667
3 0.258333 0.098765 0.161111 0.197531
0 0.381944 0.370370 0.166667 0.281481
0 0.180556 0.269136 0.150000 0.266667
0 0.415278 0.688889 0.141667 0.246914
0 0.529861 0.840741 0.190278 0.269136
1 0.182639 0.814815 0.112500 0.370370
1 0.293750 0.740741 0.148611 0.449383
3 0.177083 0.943210 0.106944 0.113580
3 0.129861 0.764198 0.081944 0.259259
1 0.106250 0.593827 0.159722 0.308642
0 0.048611 0.314815 0.097222 0.234568