3 0.197917 0.702469 0.120833 0.234568
1 0.356944 0.261728 0.088889 0.143210
0 0.113889 0.562963 0.180556 0.266667
0 0.055556 0.845679 0.111111 0.274074
1 0.230556 0.839506 0.186111 0.320988
1 0.218056 0.782716 0.180556 0.330864
1 0.293750 0.414815 0.209722 0.202469
3 0.270139 0.501235 0.093056 0.113580
3 0.349306 0.535802 0.118056 0.237037
3 0.261806 0.298765 0.112500 0.172840
3 0.240278 0.225926 0.072222 0.219753
3 0.320833 0.146914 0.108333 0.135802
0 0.454167 0.185185 0.111111 0.246914
3 0.443056 0.403704 0.100000 0.234568
1 0.445139 0.701235 0.206944 0.345679
1 0.587500 0.465432 0.205556 0.279012
3 0.572917 0.727160 0.193056 0.333333
3 0.752778 0.790123 0.225000 0.360494
1 0.602778 0.229630 0.197222 0.167901
3 0.540972 0.139506 0.101389 0.170370
1 0.565972 0.082716 0.084722 0.165432
0 0.652083 0.065432 0.137500 0.130864
0 0.743750 0.290123 0.151389 0.214815
0 0.914583 0.381481 0.170833 0.328395