3 2.165972 2.761728 0.170833 0.264198
3 1.727083 2.914815 0.140278 0.274074
2 1.434722 2.714815 0.261111 0.234568
0 0.419444 0.920988 0.150000 0.207407
0 0.472222 1.120988 0.183333 0.246914
0 0.760417 0.514815 0.143056 0.259259
0 0.896528 0.404938 0.118056 0.222222
0 1.029167 0.472840 0.113889 0.254321
0 1.465278 0.146914 0.113889 0.209877
0 1.306944 0.295062 0.125000 0.259259
0 1.726389 1.101235 0.158333 0.325926
0 1.952083 0.814815 0.156944 0.266667
0 2.117361 0.782716 0.140278 0.266667
0 2.056944 1.222222 0.186111 0.306173
0 1.509028 1.782716 0.165278 0.345679
0 2.372917 2.398765 0.331944 0.338272
0 1.505556 5.118519 0.419444 0.429630