1 1.059028 2.383951 0.140278 0.407407
3 4.106250 0.332099 0.143056 0.204938
3 1.876389 3.881481 0.238889 0.380247
3 2.667361 1.948148 0.204167 0.296296
2 3.668056 0.760494 0.355556 0.474074
1 2.200694 1.413580 0.159722 0.264198
1 2.509028 1.071605 0.148611 0.301235
1 2.091667 2.056790 0.311111 0.301235
1 2.679167 3.367901 0.227778 0.355556
1 2.992361 2.885185 0.351389 0.358025
0 2.746528 5.133333 0.409722 0.400000
2 4.297917 0.146914 0.451389 0.293827
1 4.948611 3.365432 0.355556 0.474074
3 2.060417 3.340741 0.220833 0.365432
3 2.152778 3.500000 0.222222 0.387654