3 0.089193 0.173611 0.014844 0.021296
0 0.063281 0.066204 0.008854 0.015741
0 0.078125 0.037963 0.005208 0.008333
0 0.105859 0.046528 0.006510 0.009722
0 0.127865 0.062963 0.005208 0.010185
0 0.133073 0.071296 0.004687 0.009259
0 0.108724 0.087037 0.005990 0.010185
0 0.119271 0.098148 0.007292 0.012037
0 0.122135 0.116667 0.006771 0.012037
0 0.102474 0.150926 0.010156 0.017593
0 0.049870 0.061574 0.005469 0.010185
0 0.054036 0.072685 0.005469 0.011111
2 0.053125 0.137500 0.010937 0.012037
1 0.116146 0.171528 0.014063 0.013426