1 0.356250 0.441975 0.062500 0.123457
2 0.943056 0.318519 0.102778 0.083951
1 0.953472 0.075309 0.056944 0.140741
2 0.704167 0.560494 0.050000 0.074074
0 0.386111 0.124691 0.069444 0.056790
2 0.620139 0.266667 0.056944 0.079012
2 0.707639 0.276543 0.056944 0.083951
2 0.459722 0.953086 0.091667 0.093827
2 0.745139 0.813580 0.048611 0.135802
2 0.637500 0.664198 0.091667 0.138272
0 0.739583 0.062963 0.048611 0.071605
0 0.293056 0.617284 0.088889 0.241975
0 0.258333 0.398765 0.038889 0.140741
1 0.550000 0.077778 0.036111 0.076543