0 0.029861 0.140741 0.059722 0.212346
0 0.144444 0.482716 0.113889 0.185185
0 0.274306 0.507407 0.101389 0.180247
0 0.384028 0.532099 0.104167 0.200000
0 0.509028 0.574074 0.106944 0.195062
0 0.642361 0.562963 0.134722 0.187654
0 0.688889 0.255556 0.108333 0.190123
0 0.447222 0.400000 0.111111 0.197531
0 0.354167 0.380247 0.091667 0.158025
0 0.618056 0.939506 0.119444 0.120988
2 0.235417 0.648148 0.068056 0.130864
2 0.191667 0.845679 0.097222 0.190123
2 0.696528 0.835802 0.093056 0.190123
2 0.674306 0.651852 0.068056 0.098765
2 0.790278 0.738272 0.158333 0.281481
2 0.773611 0.941975 0.113889 0.116049
2 0.272222 0.155556 0.119444 0.162963