0 0.409028 0.141975 0.040278 0.061728
1 0.679167 0.460494 0.066667 0.096296
2 0.122222 0.861728 0.072222 0.113580
0 0.375000 0.501235 0.055556 0.113580
0 0.615972 0.779012 0.070833 0.150617
0 0.617361 0.940741 0.065278 0.118519
0 0.925000 0.708642 0.105556 0.138272
2 0.189583 0.574074 0.073611 0.120988
0 0.590972 0.187654 0.043056 0.074074
0 0.361111 0.325926 0.041667 0.079012
3 0.338889 0.649383 0.027778 0.039506
2 0.310417 0.438272 0.059722 0.086420
1 0.560417 0.702469 0.037500 0.101235
2 0.558333 0.853086 0.052778 0.111111
1 0.176389 0.762963 0.102778 0.093827
1 0.132639 0.940741 0.048611 0.108642