0 0.284722 0.403704 0.036111 0.061728
2 0.122917 0.544444 0.068056 0.071605
2 0.159722 0.390123 0.044444 0.064198
1 0.487500 0.725926 0.052778 0.138272
1 0.109722 0.654321 0.061111 0.064198
3 0.552778 0.961728 0.030556 0.076543
3 0.446528 0.945679 0.048611 0.069136
3 0.693056 0.867901 0.033333 0.056790
3 0.531944 0.861728 0.016667 0.044444
3 0.494444 0.841975 0.030556 0.034568
3 0.633333 0.901235 0.030556 0.054321
3 0.342361 0.882716 0.023611 0.041975
2 0.625000 0.634568 0.116667 0.153086
0 0.760417 0.323457 0.048611 0.098765
0 0.596528 0.775309 0.065278 0.113580
0 0.380556 0.533333 0.041667 0.069136
0 0.281250 0.758025 0.054167 0.074074
1 0.104167 0.309877 0.030556 0.086420
1 0.841667 0.875309 0.077778 0.071605
1 0.546528 0.448148 0.059722 0.061728
1 0.037500 0.804938 0.058333 0.133333
1 0.230556 0.574074 0.072222 0.071605
1 0.314583 0.585185 0.068056 0.064198
2 0.863194 0.953086 0.062500 0.083951
0 0.556944 0.045679 0.052778 0.091358