2 0.878255 0.259259 0.031510 0.043519
0 0.456380 0.373380 0.026823 0.040278
0 0.446745 0.687731 0.029948 0.053241
0 0.530208 0.792593 0.036458 0.062963
2 0.330990 0.883796 0.035417 0.043519
0 0.099219 0.983102 0.054688 0.033796
0 0.296745 0.854398 0.031510 0.050463
0 0.298828 0.693287 0.032552 0.058796
0 0.655729 0.507176 0.048438 0.071759
0 0.638542 0.443287 0.042708 0.063426
0 0.600781 0.425926 0.033333 0.051852
0 0.874219 0.433796 0.060417 0.075926
0 0.885026 0.525926 0.075781 0.094444
2 0.578776 0.731713 0.045052 0.093056