0 0.762630 0.846991 0.038802 0.048611
0 0.740755 0.904167 0.034635 0.071296
0 0.596094 0.825231 0.042708 0.065278
0 0.381250 0.963889 0.058854 0.072222
0 0.550391 0.831713 0.052865 0.061574
0 0.033333 0.684259 0.066667 0.080556
2 0.854688 0.963426 0.045312 0.073148
2 0.244922 0.763889 0.067969 0.084259
2 0.282943 0.711806 0.038281 0.053241
2 0.774349 0.918056 0.036719 0.092593
2 0.724740 0.962963 0.040625 0.074074
2 0.666797 0.935648 0.042969 0.072222
2 0.075521 0.966898 0.068229 0.066204
2 0.317188 0.854398 0.050521 0.093981
2 0.225000 0.834491 0.048438 0.059722
2 0.181641 0.788194 0.059115 0.069907