0 0.921528 0.345679 0.054167 0.098765
0 0.617361 0.281481 0.040278 0.079012
0 0.343750 0.596296 0.045833 0.091358
0 0.480556 0.102469 0.036111 0.081481
0 0.365972 0.239506 0.040278 0.083951
0 0.368750 0.911111 0.104167 0.177778
0 0.493056 0.893827 0.069444 0.123457
0 0.556944 0.324691 0.055556 0.096296
0 0.746528 0.085185 0.031944 0.051852
0 0.718056 0.292593 0.063889 0.125926
0 0.710417 0.523457 0.062500 0.108642
0 0.614583 0.901235 0.090278 0.172840
0 0.777778 0.906173 0.083333 0.162963
0 0.879861 0.906173 0.109722 0.182716