2 4.395833 3.330864 0.113889 0.429630
2 3.292361 0.193827 0.137500 0.348148
2 2.638194 2.255556 0.187500 0.283951
2 0.917361 3.658025 0.248611 0.343210
0 1.061806 3.397531 0.276389 0.444444
0 0.701389 3.943210 0.186111 0.335802
0 2.855556 1.445679 0.161111 0.288889
0 1.768750 4.271605 0.193056 0.360494
0 2.179167 4.030864 0.233333 0.422222
0 2.956250 3.825926 0.193056 0.279012
0 3.076389 3.045679 0.283333 0.481481
0 3.265972 2.693827 0.273611 0.400000
0 3.271528 2.248148 0.231944 0.377778
0 2.868750 1.985185 0.226389 0.390123
0 1.959028 1.238272 0.156944 0.303704
0 1.238194 1.258025 0.156944 0.224691
0 0.782639 2.471605 0.159722 0.291358
0 0.535417 2.904938 0.193056 0.269136
0 0.185417 3.008642 0.206944 0.279012