2 0.495139 0.038272 0.040278 0.076543
0 0.633333 0.143210 0.052778 0.093827
0 0.675000 0.077778 0.030556 0.046914
2 0.391667 0.924691 0.038889 0.086420
0 0.810417 0.150617 0.031944 0.074074
0 0.756250 0.181481 0.037500 0.081481
0 0.650000 0.379012 0.041667 0.096296
0 0.040278 0.948148 0.075000 0.103704
0 0.731944 0.788889 0.072222 0.116049
0 0.233333 0.681481 0.094444 0.148148
0 0.171528 0.495062 0.076389 0.116049
2 0.048611 0.250617 0.075000 0.076543
2 0.174306 0.324691 0.051389 0.056790
2 0.452083 0.146914 0.059722 0.086420
2 0.600000 0.434568 0.038889 0.093827
3 0.649306 0.945679 0.054167 0.108642