0 0.244444 0.458025 0.091667 0.145679
0 0.368750 0.138272 0.062500 0.079012
0 0.402778 0.345679 0.069444 0.108642
0 0.517361 0.401235 0.045833 0.081481
0 0.609028 0.411111 0.048611 0.101235
0 0.527083 0.527160 0.062500 0.106173
0 0.682639 0.560494 0.054167 0.079012
0 0.707639 0.628395 0.051389 0.076543
0 0.919444 0.681481 0.063889 0.098765
0 0.822222 0.843210 0.072222 0.135802
0 0.646528 0.896296 0.076389 0.153086
0 0.559722 0.841975 0.080556 0.158025
0 0.463889 0.779012 0.088889 0.190123
0 0.355556 0.788889 0.088889 0.190123
0 0.329167 0.940741 0.130556 0.118519
1 0.709028 0.697531 0.040278 0.101235
1 0.588889 0.948148 0.077778 0.103704