3 5.124306 3.537037 0.329167 0.259259
3 1.072917 2.080247 0.393056 0.560494
3 1.500000 1.497531 0.330556 0.441975
3 1.542361 0.612346 0.268056 0.311111
3 1.125694 0.255556 0.209722 0.298765
3 2.919444 0.488889 0.350000 0.409877
3 2.613194 1.759259 0.381944 0.525926
3 3.134722 1.555556 0.330556 0.533333
3 3.666667 1.311111 0.419444 0.622222
3 3.809722 0.880247 0.397222 0.466667
3 4.365972 4.079012 0.779167 1.269136
3 2.907639 3.362963 0.504167 0.869136
3 3.920139 1.728395 0.306944 0.340741
3 3.418750 1.850617 0.290278 0.535802