0 1.322917 1.530864 0.129167 0.192593
0 1.493056 1.112346 0.113889 0.155556
0 1.473611 1.227160 0.119444 0.153086
0 1.600000 1.171605 0.161111 0.219753
0 1.688194 1.285185 0.168056 0.279012
0 1.940972 1.330864 0.123611 0.133333
0 1.667361 1.738272 0.254167 0.350617
0 1.379167 1.914815 0.144444 0.165432
0 1.129861 2.439506 0.181944 0.360494
0 0.825000 1.470370 0.136111 0.145679
2 1.288194 1.258025 0.190278 0.180247
2 1.502778 1.420988 0.250000 0.293827
2 1.385417 1.691358 0.198611 0.266667
2 1.583333 1.614815 0.211111 0.281481
2 1.763194 1.524691 0.187500 0.170370
2 1.505556 2.076543 0.291667 0.330864
2 1.119444 2.203704 0.194444 0.214815
2 1.329861 2.392593 0.262500 0.533333