0 0.451389 0.154321 0.052778 0.091358
1 0.615278 0.806173 0.075000 0.145679
1 0.262500 0.638272 0.061111 0.165432
1 0.233333 0.524691 0.083333 0.125926
2 0.156944 0.290123 0.069444 0.101235
2 0.360417 0.353086 0.079167 0.138272
1 0.497917 0.628395 0.056944 0.101235
0 0.410417 0.625926 0.079167 0.130864
0 0.804861 0.938272 0.087500 0.123457
0 0.767361 0.339506 0.062500 0.086420
0 0.835417 0.314815 0.068056 0.096296
0 0.807639 0.167901 0.065278 0.093827
0 0.683333 0.179012 0.047222 0.081481
0 0.732639 0.059259 0.045833 0.079012
1 0.352778 0.950617 0.119444 0.098765