0 0.078472 0.969136 0.079167 0.061728
0 0.310417 0.713580 0.040278 0.083951
0 0.602083 0.961728 0.048611 0.076543
0 0.404861 0.732099 0.056944 0.096296
0 0.844444 0.853086 0.052778 0.086420
0 0.801389 0.822222 0.047222 0.083951
0 0.615278 0.670370 0.036111 0.071605
0 0.601389 0.707407 0.038889 0.071605
0 0.371528 0.656790 0.056944 0.108642
0 0.044444 0.792593 0.069444 0.138272
0 0.175000 0.671605 0.077778 0.113580
0 0.416667 0.523457 0.033333 0.064198
0 0.402083 0.474074 0.034722 0.054321
0 0.364583 0.439506 0.029167 0.044444
0 0.338194 0.445679 0.031944 0.051852
0 0.288889 0.467901 0.030556 0.051852
0 0.263889 0.464198 0.036111 0.064198