0 0.970139 0.295062 0.059722 0.150617
3 0.965972 0.166667 0.068056 0.111111
0 0.838889 0.045679 0.063889 0.091358
3 0.975694 0.066667 0.048611 0.088889
3 0.919444 0.117284 0.086111 0.096296
1 0.850000 0.135802 0.125000 0.162963
0 0.745833 0.029630 0.052778 0.059259
0 0.676389 0.020988 0.052778 0.041975
0 0.585417 0.023457 0.054167 0.046914
3 0.743750 0.207407 0.090278 0.093827
3 0.671528 0.145679 0.059722 0.069136
1 0.626389 0.150617 0.141667 0.182716
0 0.592361 0.201235 0.084722 0.135802
3 0.537500 0.124691 0.061111 0.101235
3 0.518056 0.201235 0.075000 0.061728
3 0.462500 0.164198 0.080556 0.076543
0 0.496528 0.067901 0.076389 0.116049
1 0.376389 0.262963 0.136111 0.165432
1 0.393056 0.343210 0.180556 0.281481
0 0.315278 0.100000 0.083333 0.120988
0 0.237500 0.065432 0.086111 0.111111
1 0.283333 0.158025 0.113889 0.093827
1 0.268056 0.198765 0.094444 0.081481
3 0.292361 0.274074 0.084722 0.093827
1 0.225694 0.244444 0.076389 0.217284
3 0.177083 0.287654 0.084722 0.091358
0 0.157639 0.223457 0.079167 0.106173
0 0.072222 0.253086 0.097222 0.130864
1 0.093056 0.134568 0.055556 0.120988
0 0.101389 0.048148 0.083333 0.081481
1 0.188194 0.493827 0.179167 0.177778