0 0.086806 0.058025 0.054167 0.076543
0 0.063194 0.323457 0.068056 0.103704
0 0.123611 0.579012 0.077778 0.111111
0 0.038889 0.596296 0.055556 0.086420
0 0.125000 0.802469 0.091667 0.138272
0 0.077778 0.895062 0.088889 0.120988
0 0.219444 0.903704 0.052778 0.098765
0 0.193056 0.730864 0.050000 0.088889
0 0.279861 0.641975 0.054167 0.088889
0 0.342361 0.461728 0.034722 0.059259
0 0.402083 0.438272 0.026389 0.046914
0 0.425694 0.428395 0.023611 0.037037
0 0.463889 0.455556 0.022222 0.037037
0 0.482639 0.497531 0.029167 0.046914
0 0.447917 0.617284 0.048611 0.098765
0 0.477083 0.687654 0.045833 0.096296
0 0.655556 0.664198 0.036111 0.079012
0 0.675000 0.627160 0.036111 0.074074
0 0.756944 0.944444 0.044444 0.086420