0 0.438889 0.162963 0.041667 0.079012
0 0.435417 0.318519 0.034722 0.069136
0 0.459028 0.264198 0.020833 0.044444
0 0.481944 0.259259 0.025000 0.044444
0 0.401389 0.316049 0.047222 0.079012
0 0.206944 0.166667 0.066667 0.071605
0 0.149306 0.154321 0.051389 0.081481
0 0.060417 0.285185 0.081944 0.096296
0 0.480556 0.537037 0.027778 0.071605
0 0.504167 0.570370 0.038889 0.069136
0 0.547917 0.616049 0.048611 0.071605
0 0.176389 0.530864 0.075000 0.128395
0 0.293750 0.651852 0.059722 0.118519
0 0.361111 0.728395 0.052778 0.088889