0 0.654861 0.117284 0.040278 0.061728
1 0.516667 0.249383 0.105556 0.083951
1 0.614583 0.455556 0.104167 0.096296
0 0.780556 0.953086 0.113889 0.093827
0 0.355556 0.933333 0.088889 0.133333
0 0.838194 0.271605 0.062500 0.108642
0 0.640278 0.275309 0.058333 0.081481
0 0.676389 0.339506 0.061111 0.081481
0 0.442361 0.186420 0.045833 0.061728
0 0.050000 0.308642 0.066667 0.118519
0 0.057639 0.411111 0.054167 0.071605
0 0.209722 0.566667 0.119444 0.195062
0 0.160417 0.941975 0.129167 0.116049
2 0.127778 0.908642 0.083333 0.133333