0 0.664583 0.564198 0.043056 0.071605
0 0.415278 0.638272 0.041667 0.061728
0 0.626389 0.445679 0.036111 0.061728
0 0.632639 0.519753 0.031944 0.066667
0 0.636806 0.304938 0.037500 0.061728
0 0.492361 0.201235 0.034722 0.061728
0 0.429861 0.286420 0.031944 0.059259
0 0.400694 0.309877 0.031944 0.056790
0 0.397222 0.262963 0.030556 0.056790
0 0.372917 0.220988 0.031944 0.066667
0 0.324306 0.191358 0.037500 0.061728
0 0.463889 0.370370 0.036111 0.069136
0 0.382639 0.509877 0.045833 0.081481
2 0.459028 0.874074 0.051389 0.098765
2 0.590972 0.837037 0.051389 0.123457
2 0.354167 0.467901 0.050000 0.106173
2 0.405556 0.370370 0.038889 0.059259
0 0.219444 0.607407 0.055556 0.093827
0 0.175694 0.597531 0.059722 0.103704
2 0.154861 0.545679 0.076389 0.074074
2 0.201389 0.409877 0.044444 0.064198
2 0.131944 0.748148 0.055556 0.113580
2 0.095139 0.783951 0.059722 0.101235
2 0.084722 0.640741 0.083333 0.125926
0 0.015972 0.660494 0.031944 0.076543