0 0.743750 0.144444 0.040278 0.071605
0 0.194444 0.593827 0.072222 0.170370
1 0.200694 0.793827 0.098611 0.185185
0 0.686111 0.955556 0.097222 0.088889
0 0.772222 0.808642 0.080556 0.170370
0 0.722222 0.546914 0.100000 0.170370
0 0.472222 0.397531 0.108333 0.143210
0 0.969444 0.262963 0.061111 0.140741
0 0.890278 0.275309 0.050000 0.071605
0 0.859028 0.313580 0.056944 0.093827
0 0.669444 0.132099 0.050000 0.066667
0 0.699306 0.186420 0.062500 0.101235
0 0.707639 0.267901 0.043056 0.106173
0 0.898611 0.174074 0.050000 0.071605