0 0.220833 0.485185 0.052778 0.086420
2 0.952083 0.559259 0.095833 0.140741
2 0.574306 0.920988 0.093056 0.158025
2 0.429861 0.679012 0.056944 0.098765
0 0.255556 0.844444 0.083333 0.162963
0 0.312500 0.683951 0.077778 0.113580
0 0.152778 0.685185 0.086111 0.135802
0 0.629167 0.596296 0.069444 0.130864
0 0.815278 0.448148 0.047222 0.106173
0 0.804167 0.259259 0.063889 0.103704
0 0.184028 0.354321 0.084722 0.140741
0 0.692361 0.116049 0.045833 0.093827
0 0.619444 0.130864 0.052778 0.079012
0 0.552083 0.154321 0.048611 0.061728
0 0.527083 0.114815 0.048611 0.066667
0 0.357639 0.067901 0.048611 0.046914
1 0.502083 0.227160 0.065278 0.059259
1 0.431250 0.112346 0.070833 0.071605
0 0.023611 0.285185 0.047222 0.066667
0 0.016667 0.190123 0.033333 0.113580