1 0.977778 0.716049 0.044444 0.217284
2 0.482639 0.270370 0.065278 0.111111
0 0.329167 0.027160 0.038889 0.054321
0 0.355556 0.097531 0.044444 0.071605
0 0.394444 0.064198 0.050000 0.088889
0 0.604861 0.129630 0.048611 0.091358
0 0.656250 0.206173 0.056944 0.091358
0 0.695833 0.274074 0.044444 0.088889
0 0.865278 0.132099 0.047222 0.091358
0 0.954861 0.155556 0.045833 0.079012
0 0.831944 0.453086 0.041667 0.076543
0 0.754167 0.372840 0.036111 0.069136
0 0.725000 0.419753 0.055556 0.083951
0 0.327083 0.443210 0.051389 0.116049
0 0.350694 0.539506 0.059722 0.125926
0 0.161806 0.330864 0.059722 0.103704
0 0.036806 0.360494 0.070833 0.108642
2 0.390278 0.930864 0.075000 0.128395
2 0.404861 0.772840 0.068056 0.123457
1 0.117361 0.591358 0.087500 0.106173