0 0.059722 0.412346 0.119444 0.172840
0 0.327083 0.319753 0.087500 0.135802
0 0.387500 0.227160 0.113889 0.158025
0 0.408333 0.349383 0.086111 0.145679
0 0.482639 0.322222 0.098611 0.130864
0 0.483333 0.216049 0.069444 0.091358
0 0.493750 0.453086 0.115278 0.160494
0 0.565278 0.341975 0.083333 0.125926
0 0.509028 0.148148 0.070833 0.083951
0 0.430556 0.109877 0.058333 0.081481
0 0.628472 0.392593 0.068056 0.123457
0 0.612500 0.449383 0.066667 0.083951
0 0.617361 0.550617 0.068056 0.148148
0 0.670833 0.518519 0.066667 0.118519
0 0.711806 0.512346 0.048611 0.111111
0 0.692361 0.412346 0.054167 0.079012
0 0.679167 0.341975 0.055556 0.091358
0 0.747917 0.869136 0.098611 0.212346
0 0.615972 0.943210 0.112500 0.113580
0 0.593056 0.693827 0.111111 0.207407
0 0.379167 0.529630 0.136111 0.229630
0 0.427083 0.728395 0.101389 0.192593
0 0.313194 0.862963 0.154167 0.274074
1 0.081250 0.250617 0.109722 0.125926
1 0.093750 0.144444 0.112500 0.066667
2 0.106944 0.555556 0.100000 0.148148
2 0.177778 0.851852 0.172222 0.296296
2 0.408333 0.840741 0.069444 0.130864
2 0.675000 0.895062 0.061111 0.116049