1 0.119444 0.364198 0.158333 0.086420
2 0.779861 0.170370 0.054167 0.079012
2 0.817361 0.211111 0.045833 0.071605
0 0.844444 0.081481 0.047222 0.074074
0 0.485417 0.032099 0.062500 0.064198
0 0.561111 0.111111 0.055556 0.098765
0 0.620139 0.037037 0.068056 0.074074
0 0.822222 0.154321 0.041667 0.061728
0 0.879861 0.191358 0.051389 0.071605
0 0.868056 0.270370 0.052778 0.081481
0 0.967361 0.419753 0.065278 0.118519
0 0.359722 0.228395 0.097222 0.180247
0 0.280556 0.300000 0.072222 0.120988
0 0.267361 0.424691 0.084722 0.138272
0 0.041667 0.285185 0.083333 0.155556
2 0.580556 0.346914 0.105556 0.170370
3 0.202083 0.533333 0.062500 0.083951
2 0.283333 0.604938 0.094444 0.167901