2 0.766667 0.479012 0.066667 0.079012
2 0.559722 0.869136 0.094444 0.172840
2 0.579167 0.614815 0.075000 0.138272
2 0.562500 0.454321 0.063889 0.118519
1 0.672917 0.570370 0.087500 0.108642
1 0.616667 0.316049 0.091667 0.113580
1 0.150000 0.267901 0.125000 0.116049
0 0.603472 0.956790 0.062500 0.086420
0 0.623611 0.732099 0.075000 0.106173
0 0.350000 0.940741 0.116667 0.118519
0 0.440278 0.908642 0.091667 0.158025
0 0.352778 0.809877 0.069444 0.113580
0 0.248611 0.907407 0.091667 0.155556
0 0.102083 0.938272 0.106944 0.123457
0 0.850694 0.479012 0.054167 0.098765
0 0.794444 0.541975 0.061111 0.081481
0 0.820833 0.118519 0.036111 0.093827
0 0.777083 0.127160 0.056944 0.091358
0 0.684028 0.082716 0.056944 0.101235
0 0.650694 0.225926 0.056944 0.111111
0 0.541667 0.155556 0.063889 0.143210
0 0.534028 0.281481 0.065278 0.113580
0 0.493056 0.385185 0.066667 0.113580
0 0.386806 0.439506 0.068056 0.118519
0 0.157639 0.545679 0.090278 0.088889
0 0.324306 0.097531 0.079167 0.116049
0 0.225694 0.119753 0.054167 0.081481
0 0.122222 0.171605 0.091667 0.125926