1 0.469444 0.927160 0.097222 0.145679
0 0.776389 0.351852 0.066667 0.140741
0 0.981250 0.341975 0.037500 0.111111
2 0.981250 0.256790 0.037500 0.083951
2 0.667361 0.183951 0.062500 0.086420
2 0.606944 0.198765 0.044444 0.086420
2 0.652778 0.280247 0.050000 0.106173
0 0.743056 0.265432 0.066667 0.116049
0 0.575000 0.129630 0.052778 0.076543
0 0.505556 0.255556 0.066667 0.140741
0 0.046528 0.381481 0.093056 0.165432
0 0.198611 0.814815 0.116667 0.222222
0 0.303472 0.904938 0.109722 0.190123
0 0.578472 0.885185 0.093056 0.204938
0 0.696528 0.846914 0.137500 0.261728