2 2.870833 2.032099 0.300000 0.360494
0 1.716667 1.361728 0.094444 0.190123
0 2.003472 1.724691 0.137500 0.190123
0 1.551389 1.681481 0.116667 0.187654
0 0.100000 4.874074 0.200000 0.380247
0 0.982639 5.188889 0.254167 0.288889
2 1.591667 2.330864 0.266667 0.192593
2 1.350000 2.612346 0.297222 0.454321
0 1.128472 2.709877 0.229167 0.308642
0 4.713889 4.643210 0.322222 0.466667
0 4.581944 2.997531 0.472222 0.706173
0 3.578472 1.959259 0.368056 0.417284
0 3.929861 1.902469 0.256944 0.446914
0 3.202083 2.069136 0.348611 0.335802
0 3.725000 2.285185 0.219444 0.274074
0 2.033333 2.462963 0.197222 0.259259
0 2.415278 2.372840 0.261111 0.335802
0 2.633333 3.012346 0.363889 0.572840
0 3.092361 3.302469 0.451389 0.634568