1 0.149306 0.798765 0.123611 0.274074
0 0.384722 0.816049 0.105556 0.175309
0 0.911806 0.871605 0.126389 0.237037
0 0.819444 0.506173 0.077778 0.148148
0 0.944444 0.248148 0.066667 0.120988
0 0.795139 0.116049 0.059722 0.113580
0 0.649306 0.535802 0.087500 0.118519
2 0.659028 0.441975 0.070833 0.074074
0 0.284028 0.364198 0.081944 0.111111
0 0.304861 0.096296 0.037500 0.083951
0 0.283333 0.195062 0.055556 0.069136
0 0.231250 0.201235 0.051389 0.061728
0 0.608333 0.343210 0.050000 0.098765
0 0.568056 0.274074 0.061111 0.088889
0 0.515278 0.212346 0.058333 0.069136