1 0.671528 0.401235 0.056944 0.096296
1 0.901389 0.671605 0.130556 0.153086
0 0.039583 0.113580 0.045833 0.079012
0 0.306250 0.235802 0.040278 0.071605
0 0.310417 0.160494 0.034722 0.064198
0 0.335417 0.207407 0.037500 0.069136
2 0.188194 0.548148 0.065278 0.079012
0 0.171528 0.456790 0.056944 0.083951
0 0.257639 0.560494 0.073611 0.128395
0 0.500000 0.277778 0.033333 0.066667
0 0.545139 0.311111 0.026389 0.059259
0 0.836806 0.449383 0.051389 0.054321
0 0.829861 0.975309 0.098611 0.049383
0 0.977778 0.961728 0.044444 0.076543
0 0.921528 0.935802 0.087500 0.128395
0 0.434722 0.743210 0.080556 0.162963
0 0.427778 0.387654 0.075000 0.138272
0 0.392361 0.500000 0.090278 0.160494
0 0.586111 0.255556 0.027778 0.056790