0 0.556250 0.233333 0.029167 0.061728
0 0.516667 0.300000 0.033333 0.056790
0 0.525694 0.339506 0.040278 0.046914
0 0.250694 0.119753 0.043056 0.056790
0 0.240278 0.208642 0.041667 0.066667
0 0.277083 0.181481 0.045833 0.076543
0 0.840972 0.475309 0.048611 0.071605
0 0.466667 0.266667 0.044444 0.074074
2 0.066667 0.672840 0.108333 0.116049
0 0.054167 0.530864 0.094444 0.148148
0 0.385417 0.432099 0.104167 0.167901
2 0.290278 0.612346 0.072222 0.103704
0 0.404167 0.907407 0.116667 0.185185
0 0.170139 0.677778 0.115278 0.165432
1 0.711111 0.471605 0.069444 0.108642
1 0.931944 0.965432 0.136111 0.069136
1 0.951389 0.776543 0.097222 0.185185
0 0.346528 0.575309 0.115278 0.192593