0 0.679167 0.655556 0.050000 0.096296
2 0.678472 0.816049 0.062500 0.096296
2 0.736111 0.802469 0.055556 0.088889
2 0.681250 0.730864 0.051389 0.083951
2 0.721528 0.688889 0.056944 0.083951
0 0.659722 0.972840 0.072222 0.054321
1 0.511806 0.749383 0.079167 0.081481
1 0.494444 0.595062 0.072222 0.083951
0 0.606250 0.597531 0.062500 0.108642
0 0.752778 0.502469 0.036111 0.081481
0 0.381250 0.375309 0.043056 0.074074
0 0.350000 0.292593 0.050000 0.071605
0 0.327778 0.412346 0.050000 0.083951
0 0.313889 0.124691 0.041667 0.061728
0 0.085417 0.082716 0.045833 0.111111
0 0.021528 0.158025 0.043056 0.098765