0 0.511806 0.208642 0.068056 0.111111
0 0.346528 0.070370 0.054167 0.091358
0 0.422222 0.912346 0.091667 0.175309
0 0.215278 0.350617 0.052778 0.103704
0 0.133333 0.374074 0.063889 0.116049
0 0.107639 0.198765 0.076389 0.101235
2 0.039583 0.070370 0.079167 0.081481
2 0.045139 0.159259 0.076389 0.101235
1 0.188889 0.197531 0.075000 0.128395
1 0.227778 0.522222 0.091667 0.116049
1 0.443750 0.735802 0.054167 0.148148
2 0.736111 0.650617 0.091667 0.135802
2 0.576389 0.806173 0.080556 0.175309
1 0.536111 0.929630 0.100000 0.120988