0 0.113194 0.908642 0.131944 0.182716
0 0.220139 0.472840 0.073611 0.135802
0 0.325000 0.407407 0.050000 0.069136
0 0.158333 0.222222 0.066667 0.098765
0 0.436111 0.204938 0.091667 0.133333
0 0.363194 0.787654 0.109722 0.232099
0 0.221528 0.950617 0.062500 0.098765
1 0.825000 0.169136 0.091667 0.111111
2 0.934028 0.187654 0.106944 0.128395
2 0.139583 0.440741 0.079167 0.106173
1 0.050694 0.550617 0.101389 0.108642
2 0.225000 0.677778 0.072222 0.135802
1 0.558333 0.935802 0.108333 0.128395
1 0.455556 0.712346 0.061111 0.200000
1 0.450000 0.916049 0.055556 0.167901