1 0.445139 0.276543 0.051389 0.059259
0 0.600000 0.228395 0.030556 0.061728
0 0.565278 0.300000 0.030556 0.061728
0 0.514583 0.265432 0.040278 0.081481
0 0.313889 0.181481 0.038889 0.066667
0 0.310417 0.259259 0.040278 0.069136
0 0.340972 0.228395 0.040278 0.071605
2 0.202778 0.624691 0.072222 0.083951
0 0.885417 0.379012 0.062500 0.061728
0 0.443750 0.392593 0.098611 0.138272
0 0.420139 0.518519 0.104167 0.167901
0 0.479167 0.785185 0.075000 0.167901
1 0.725694 0.374074 0.093056 0.101235
1 0.959028 0.601235 0.081944 0.155556
2 0.369444 0.586420 0.055556 0.096296
0 0.181944 0.518519 0.063889 0.093827
0 0.278472 0.622222 0.084722 0.128395