0 0.465972 0.417284 0.037500 0.079012
0 0.281250 0.600000 0.043056 0.054321
0 0.196528 0.688889 0.040278 0.069136
0 0.084028 0.729630 0.056944 0.076543
0 0.047222 0.855556 0.063889 0.096296
0 0.409028 0.530864 0.051389 0.064198
0 0.445833 0.514815 0.044444 0.046914
0 0.461806 0.540741 0.043056 0.049383
0 0.608333 0.249383 0.030556 0.054321
0 0.556944 0.423457 0.030556 0.066667
0 0.662500 0.497531 0.047222 0.056790
0 0.727083 0.564198 0.059722 0.086420
0 0.977083 0.385185 0.045833 0.108642
0 0.779167 0.641975 0.058333 0.103704
0 0.467361 0.702469 0.065278 0.111111
2 0.504861 0.641975 0.062500 0.074074
0 0.868750 0.893827 0.109722 0.158025
2 0.938194 0.750617 0.073611 0.103704
2 0.851389 0.756790 0.077778 0.091358