0 0.095139 0.091358 0.056944 0.079012
0 0.725000 0.076543 0.044444 0.059259
0 0.717361 0.308642 0.048611 0.093827
0 0.756250 0.220988 0.051389 0.071605
0 0.770139 0.293827 0.048611 0.079012
0 0.979861 0.591358 0.040278 0.106173
2 0.501389 0.492593 0.066667 0.081481
2 0.706250 0.917284 0.104167 0.140741
2 0.495139 0.932099 0.095833 0.135802
2 0.045139 0.235802 0.090278 0.101235
2 0.130556 0.261728 0.077778 0.079012
0 0.025000 0.335802 0.050000 0.148148
0 0.338889 0.176543 0.044444 0.106173
0 0.202778 0.362963 0.072222 0.128395
0 0.149306 0.693827 0.126389 0.187654
0 0.516667 0.632099 0.058333 0.133333
0 0.579861 0.950617 0.098611 0.098765
0 0.831944 0.900000 0.080556 0.130864
0 0.911806 0.923457 0.118056 0.153086