0 3.804167 5.139506 0.294444 0.387654
0 4.798611 3.225926 0.166667 0.269136
0 5.206250 2.376543 0.148611 0.269136
0 4.872222 2.320988 0.125000 0.261728
0 4.847917 1.725926 0.143056 0.316049
0 4.645139 1.025926 0.137500 0.288889
0 4.474306 1.454321 0.148611 0.316049
0 3.890972 2.981481 0.143056 0.303704
0 2.747917 3.779012 0.118056 0.269136
0 3.513194 3.512346 0.162500 0.308642
0 3.759722 0.556790 0.144444 0.308642
0 3.952778 1.820988 0.163889 0.288889
0 2.877778 1.600000 0.166667 0.276543
0 3.112500 3.004938 0.155556 0.281481
0 2.672917 3.141975 0.162500 0.328395
0 0.963194 2.444444 0.159722 0.281481
0 1.015972 3.998765 0.181944 0.269136
0 1.741667 4.341975 0.125000 0.288889
0 1.677083 3.161728 0.151389 0.274074
0 1.276389 3.855556 0.155556 0.180247
0 2.106250 2.250617 0.109722 0.190123
0 1.245139 0.733333 0.173611 0.330864
0 1.646528 0.519753 0.129167 0.303704
0 1.451389 0.395062 0.166667 0.335802
0 0.206944 3.241975 0.186111 0.301235
0 0.037500 2.475309 0.075000 0.249383
0 0.211111 2.328395 0.177778 0.222222