2 2.468056 0.840741 0.100000 0.106173
0 2.331250 0.255556 0.051389 0.096296
0 2.186806 0.253086 0.059722 0.086420
2 2.135417 0.332099 0.068056 0.135802
2 2.192361 0.522222 0.054167 0.111111
0 2.173611 0.330864 0.052778 0.079012
0 2.263194 0.472840 0.056944 0.106173
0 2.421528 0.666667 0.068056 0.083951
0 2.354861 0.680247 0.065278 0.091358
0 2.286111 0.706173 0.041667 0.064198
0 2.370833 0.756790 0.061111 0.076543
0 2.316667 0.877778 0.058333 0.076543
0 2.250000 0.592593 0.044444 0.074074
0 2.176389 0.667901 0.066667 0.096296
0 2.118056 0.455556 0.047222 0.096296
0 2.046528 0.267901 0.062500 0.120988
0 1.954167 0.128395 0.094444 0.118519
2 1.993750 0.041975 0.070833 0.079012
2 1.905556 0.475309 0.072222 0.145679
2 2.007639 0.609877 0.090278 0.162963
2 1.798611 0.565432 0.047222 0.217284
0 2.118750 0.582716 0.109722 0.167901
0 2.579861 1.069136 0.079167 0.098765
2 2.570139 1.161728 0.065278 0.125926
2 2.502083 1.066667 0.070833 0.123457
0 2.155556 0.879012 0.122222 0.138272
2 2.105556 1.143210 0.097222 0.138272
0 1.952778 0.859259 0.100000 0.113580
2 2.610417 1.408642 0.081944 0.155556
0 1.856944 0.565432 0.094444 0.172840
0 1.741667 0.790123 0.127778 0.207407
2 1.810417 0.960494 0.062500 0.227160
2 1.745833 1.385185 0.072222 0.148148
0 2.594444 1.632099 0.144444 0.162963
0 2.424306 1.918519 0.148611 0.143210
2 2.325694 1.854321 0.134722 0.148148
2 2.019444 1.687654 0.088889 0.155556
2 1.952778 1.508642 0.127778 0.207407
2 2.053472 1.497531 0.159722 0.229630
0 2.183333 1.546914 0.186111 0.239506
0 1.869444 1.461728 0.091667 0.172840
0 1.840972 1.560494 0.120833 0.246914
0 1.904861 1.675309 0.131944 0.224691
0 1.859722 1.272840 0.091667 0.200000
0 1.911111 1.175309 0.130556 0.167901
2 1.697917 1.672840 0.131944 0.190123
0 1.649306 1.154321 0.220833 0.343210
0 1.648611 1.508642 0.208333 0.360494
0 1.518750 1.713580 0.187500 0.330864
0 0.512500 0.606173 0.422222 0.417284
2 0.941667 1.934568 0.230556 0.353086
2 0.543056 1.766667 0.194444 0.234568
2 0.744444 1.196296 0.177778 0.239506
2 1.512500 0.816049 0.183333 0.313580
2 0.827083 2.417284 0.179167 0.222222
2 0.139583 1.025926 0.168056 0.165432
2 0.463889 0.322222 0.241667 0.264198
2 0.961111 0.127160 0.241667 0.224691
2 1.168750 0.164198 0.209722 0.204938
2 1.371528 0.504938 0.129167 0.269136