2 0.211806 0.977778 0.079167 0.044444
3 0.709028 0.344444 0.037500 0.046914
3 0.742361 0.328395 0.029167 0.064198
3 0.784028 0.329630 0.034722 0.046914
3 0.745833 0.765432 0.030556 0.049383
3 0.785417 0.759259 0.034722 0.041975
2 0.679861 0.833333 0.056944 0.096296
0 0.458333 0.980247 0.052778 0.039506
0 0.586111 0.606173 0.041667 0.071605
0 0.633333 0.600000 0.055556 0.123457
0 0.524306 0.787654 0.054167 0.088889
0 0.893056 0.683951 0.152778 0.133333
0 0.923611 0.927160 0.152778 0.145679
2 0.572917 0.498765 0.056944 0.138272
2 0.595139 0.829630 0.065278 0.177778