3 3.714583 2.006173 0.240278 0.372840
3 4.281250 1.346914 0.306944 0.466667
3 3.382639 4.771605 0.348611 0.516049
3 4.597222 1.738272 0.341667 0.444444
3 4.059028 3.630864 0.365278 0.545679
3 3.616667 3.664198 0.411111 0.503704
3 2.870833 2.358025 0.266667 0.400000
3 3.047917 2.472840 0.276389 0.382716
3 3.131944 1.945679 0.238889 0.345679
3 3.482639 2.382716 0.334722 0.498765
3 3.238889 2.762963 0.341667 0.558025
3 2.754861 2.937037 0.243056 0.407407
3 2.256250 2.644444 0.256944 0.296296
1 3.200694 3.692593 0.445833 0.644444
3 4.527083 1.374074 0.248611 0.377778
3 4.959722 0.977778 0.252778 0.291358