3 5.158333 2.595062 0.350000 0.641975
3 5.105556 3.208642 0.447222 0.560494
3 1.423611 1.838272 0.233333 0.437037
3 1.214583 2.237037 0.304167 0.395062
3 0.601389 2.354321 0.230556 0.269136
3 0.674306 2.417284 0.284722 0.271605
3 0.717361 2.570370 0.306944 0.360494
3 3.904167 4.877778 0.880556 0.911111
3 3.914583 1.823457 0.279167 0.422222
1 4.243750 2.327160 0.643056 0.407407
3 4.410417 1.513580 0.326389 0.395062
3 4.282639 1.156790 0.248611 0.313580
3 4.263194 0.898765 0.248611 0.291358
3 4.991667 1.528395 0.380556 0.479012
3 4.969444 1.979012 0.400000 0.417284
3 4.706944 2.713580 0.555556 0.587654
3 3.404861 3.022222 0.393056 0.725926
3 3.481250 3.549383 0.473611 0.511111
3 3.124306 2.866667 0.690278 1.007407