2 0.572266 0.815046 0.022656 0.038426
0 0.549479 0.876157 0.029687 0.054167
0 0.471745 0.263657 0.028906 0.043056
0 0.541146 0.323843 0.023958 0.050463
0 0.708854 0.284722 0.022917 0.046296
0 0.752604 0.271065 0.026562 0.049537
0 0.738411 0.208796 0.024740 0.052778
0 0.932292 0.756944 0.041667 0.074074
0 0.888932 0.693519 0.030990 0.042593
0 0.788932 0.968981 0.054948 0.062037
0 0.630208 0.894213 0.043750 0.070833
0 0.669401 0.728241 0.037240 0.058333
0 0.267188 0.841667 0.030729 0.061111
0 0.903776 0.138889 0.024219 0.050926
2 0.285286 0.847454 0.022656 0.033796
2 0.742969 0.665278 0.043229 0.055556
2 0.831771 0.817361 0.045312 0.070833
2 0.952083 0.949769 0.037500 0.068056
2 0.890104 0.737500 0.047917 0.082407
2 0.516927 0.339352 0.033854 0.055556
0 0.163411 0.340509 0.029948 0.040278
0 0.196094 0.336111 0.027083 0.049074