0 0.679297 0.537731 0.028906 0.049537
0 0.569141 0.567824 0.040365 0.066204
0 0.547266 0.504398 0.034635 0.044907
0 0.523047 0.594213 0.036198 0.045833
0 0.729948 0.724537 0.047917 0.076852
0 0.608594 0.695833 0.054688 0.070370
0 0.555729 0.696296 0.051562 0.078704
0 0.500651 0.683102 0.033594 0.078241
0 0.493750 0.608102 0.029167 0.067130
0 0.490104 0.850000 0.039062 0.083333
0 0.166797 0.415046 0.032552 0.044907
2 0.635547 0.593287 0.031510 0.040278
2 0.146094 0.907870 0.049479 0.051852
0 0.124089 0.960648 0.067969 0.078704