3 2.087500 4.561728 0.263889 0.516049
3 1.010417 3.649383 0.248611 0.404938
3 3.356944 0.703704 0.325000 0.424691
1 5.041667 3.901235 0.583333 0.651852
0 5.225694 1.334568 0.215278 0.950617
0 4.961806 1.251852 0.437500 0.785185
1 4.825694 1.013580 0.709722 0.491358
2 0.259722 2.796296 0.369444 0.851852
2 1.963194 2.396296 0.434722 0.930864
2 2.265278 1.632099 0.541667 0.553086
0 3.431250 2.279012 0.562500 1.041975
0 3.690972 3.018519 0.620833 1.054321
0 3.926389 3.812346 0.513889 0.755556
0 3.995833 2.417284 0.500000 0.938272
0 4.354861 2.292593 0.551389 1.029630
0 4.475000 1.735802 0.544444 1.041975
0 3.990278 1.435802 0.613889 0.970370
0 4.213889 0.800000 0.633333 1.091358
0 4.853472 0.302469 0.606944 0.604938
1 2.522917 4.332099 0.548611 0.362963
1 4.488889 4.371605 0.641667 1.311111
0 4.728472 3.367901 0.348611 0.627160
0 5.125694 3.435802 0.415278 0.782716