3 1.370833 2.608642 0.294444 0.259259
3 0.838889 3.501235 0.383333 0.513580
3 4.305556 1.083951 0.302778 0.276543
3 2.921528 1.672840 0.306944 0.407407
3 2.305556 0.954321 0.222222 0.264198
3 4.832639 4.861728 0.434722 0.656790
3 4.843750 4.327160 0.504167 0.802469
3 4.297917 4.082716 0.915278 1.483951
3 0.653472 2.543210 0.381944 0.483951
3 1.431944 2.774074 0.319444 0.313580
3 2.177778 2.054321 0.261111 0.414815
3 2.309028 2.344444 0.284722 0.441975
3 1.921528 2.443210 0.306944 0.367901
3 1.711806 1.765432 0.298611 0.439506
3 2.550694 1.703704 0.284722 0.385185
3 2.355556 1.530864 0.227778 0.291358
3 2.792361 0.982716 0.179167 0.296296
3 2.503472 0.760494 0.212500 0.271605
3 2.687500 2.285185 0.363889 0.501235