0 0.907639 0.056790 0.081944 0.113580
1 0.960417 0.223457 0.079167 0.106173
1 0.613889 0.409877 0.069444 0.133333
0 0.539583 0.174074 0.109722 0.185185
0 0.273611 0.565432 0.136111 0.227160
0 0.386111 0.940741 0.077778 0.118519
0 0.850694 0.572840 0.034722 0.059259
0 0.919444 0.697531 0.044444 0.061728
2 0.088889 0.875309 0.077778 0.106173
2 0.174306 0.872840 0.059722 0.076543
2 0.260417 0.890123 0.081944 0.096296
2 0.617361 0.959259 0.073611 0.081481
2 0.879167 0.266667 0.066667 0.108642
2 0.602083 0.700000 0.034722 0.056790
1 0.537500 0.956790 0.047222 0.086420