0 0.693056 0.293827 0.038889 0.074074
0 0.645833 0.240741 0.036111 0.056790
0 0.127083 0.753086 0.076389 0.103704
0 0.165972 0.637037 0.051389 0.069136
0 0.422917 0.924691 0.059722 0.086420
0 0.649306 0.912346 0.070833 0.101235
0 0.909028 0.777778 0.054167 0.088889
0 0.815278 0.635802 0.052778 0.071605
0 0.892361 0.454321 0.048611 0.074074
0 0.765972 0.191358 0.029167 0.066667
0 0.955556 0.238272 0.033333 0.066667
0 0.447917 0.248148 0.031944 0.046914
0 0.504861 0.322222 0.023611 0.037037
2 0.484722 0.761728 0.044444 0.081481
2 0.932639 0.670370 0.056944 0.086420
2 0.883333 0.702469 0.038889 0.061728