0 0.297222 0.546914 0.036111 0.041975
0 0.024306 0.758025 0.045833 0.064198
0 0.202083 0.606173 0.048611 0.046914
0 0.403472 0.519753 0.051389 0.086420
0 0.622222 0.453086 0.050000 0.071605
0 0.581944 0.575309 0.041667 0.064198
0 0.379861 0.602469 0.048611 0.074074
0 0.450694 0.751852 0.081944 0.145679
0 0.560417 0.822222 0.065278 0.143210
0 0.308333 0.930864 0.119444 0.138272
2 0.643056 0.797531 0.052778 0.079012
2 0.631944 0.906173 0.055556 0.079012
2 0.725694 0.624691 0.059722 0.079012
2 0.825000 0.443210 0.061111 0.066667
2 0.720139 0.492593 0.051389 0.071605
1 0.290278 0.625926 0.080556 0.081481