1 0.693750 0.577778 0.068056 0.059259
2 0.682639 0.406173 0.045833 0.076543
2 0.622917 0.853086 0.062500 0.076543
2 0.035417 0.974074 0.065278 0.051852
2 0.090972 0.709877 0.048611 0.046914
0 0.345139 0.934568 0.048611 0.071605
0 0.269444 0.867901 0.038889 0.056790
0 0.188889 0.816049 0.038889 0.066667
0 0.420139 0.745679 0.040278 0.074074
0 0.797222 0.223457 0.038889 0.076543
0 0.748611 0.209877 0.036111 0.064198
0 0.711806 0.345679 0.040278 0.074074
0 0.636806 0.454321 0.045833 0.074074
0 0.570833 0.530864 0.044444 0.079012
0 0.552778 0.413580 0.061111 0.096296
0 0.386111 0.307407 0.038889 0.071605
2 0.630556 0.383951 0.038889 0.066667