2 0.793750 0.066667 0.068056 0.093827
2 0.972917 0.882716 0.054167 0.130864
2 0.498611 0.576543 0.047222 0.086420
2 0.275694 0.334568 0.054167 0.066667
2 0.199306 0.628395 0.065278 0.076543
2 0.093750 0.620988 0.043056 0.051852
0 0.525000 0.728395 0.052778 0.093827
0 0.444444 0.603704 0.055556 0.091358
0 0.355556 0.507407 0.055556 0.096296
0 0.948611 0.058025 0.102778 0.116049
0 0.963889 0.238272 0.072222 0.165432
0 0.648611 0.498765 0.072222 0.133333
1 0.702778 0.481481 0.055556 0.133333
1 0.761806 0.400000 0.073611 0.187654
1 0.579167 0.571605 0.075000 0.096296