0 4.803472 1.376543 0.345833 0.511111
0 4.877778 3.340741 0.436111 0.641975
0 2.847222 4.124691 0.202778 0.456790
0 2.941667 2.855556 0.183333 0.283951
0 3.562500 2.224691 0.244444 0.395062
0 3.347222 2.360494 0.158333 0.330864
0 4.635417 0.423457 0.201389 0.313580
0 3.588889 0.606173 0.113889 0.190123
0 3.541667 0.755556 0.111111 0.202469
0 3.398611 1.001235 0.130556 0.234568
0 2.902083 1.480247 0.112500 0.244444
0 2.526389 2.159259 0.105556 0.175309
0 2.488889 4.022222 0.172222 0.301235
0 2.457639 2.403704 0.098611 0.209877