0 0.525694 0.406173 0.023611 0.061728
0 0.466667 0.702469 0.036111 0.056790
0 0.327778 0.781481 0.041667 0.071605
1 0.525694 0.829630 0.056944 0.039506
2 0.379167 0.849383 0.033333 0.039506
2 0.422222 0.891358 0.047222 0.064198
2 0.504861 0.876543 0.062500 0.069136
2 0.644444 0.849383 0.038889 0.059259
2 0.560417 0.769136 0.037500 0.046914
2 0.856944 0.577778 0.050000 0.049383
2 0.846528 0.950617 0.065278 0.098765
0 0.905556 0.672840 0.050000 0.071605
0 0.678472 0.753086 0.043056 0.093827
0 0.761806 0.934568 0.056944 0.130864