1 0.220833 0.691358 0.094444 0.074074
0 0.206944 0.358025 0.041667 0.059259
0 0.153472 0.558025 0.068056 0.103704
0 0.263889 0.864198 0.069444 0.103704
0 0.209722 0.806173 0.066667 0.051852
0 0.595139 0.579012 0.059722 0.120988
0 0.665278 0.451852 0.050000 0.088889
0 0.767361 0.861728 0.081944 0.123457
0 0.022222 0.276543 0.044444 0.069136
0 0.021528 0.702469 0.040278 0.066667
0 0.490278 0.088889 0.027778 0.049383
2 0.031944 0.779012 0.063889 0.091358
2 0.103472 0.598765 0.045833 0.071605
2 0.179167 0.620988 0.063889 0.076543
2 0.088194 0.138272 0.048611 0.064198
2 0.364583 0.111111 0.076389 0.103704
2 0.789583 0.362963 0.056944 0.069136
2 0.918750 0.466667 0.090278 0.083951
2 0.649306 0.562963 0.051389 0.088889
2 0.843056 0.219753 0.052778 0.059259
2 0.440972 0.364198 0.045833 0.071605
1 0.536806 0.783951 0.059722 0.155556
1 0.947917 0.443210 0.101389 0.150617
1 0.881944 0.883951 0.083333 0.197531