1 0.736806 0.333333 0.084722 0.148148
2 0.203472 0.543210 0.054167 0.054321
2 0.620139 0.441975 0.045833 0.079012
2 0.515278 0.245679 0.055556 0.086420
2 0.543750 0.923457 0.045833 0.059259
2 0.552083 0.832099 0.048611 0.093827
2 0.425000 0.904938 0.058333 0.076543
0 0.823611 0.718519 0.041667 0.079012
0 0.897222 0.769136 0.047222 0.066667
0 0.665278 0.755556 0.052778 0.088889
0 0.786806 0.888889 0.051389 0.098765
0 0.431944 0.597531 0.050000 0.069136
0 0.714583 0.486420 0.045833 0.079012
0 0.681944 0.082716 0.033333 0.061728
0 0.594444 0.275309 0.047222 0.091358
0 0.343750 0.249383 0.051389 0.074074