0 0.813194 0.311111 0.026389 0.034568
0 0.918750 0.239506 0.020833 0.044444
0 0.900694 0.376543 0.034722 0.051852
0 0.879167 0.320988 0.066667 0.074074
0 0.051389 0.945679 0.044444 0.079012
0 0.231250 0.551852 0.029167 0.041975
0 0.268056 0.588889 0.027778 0.046914
0 0.141667 0.746914 0.030556 0.046914
0 0.272917 0.769136 0.034722 0.051852
0 0.822917 0.687654 0.031944 0.056790
0 0.814583 0.548148 0.031944 0.059259
0 0.696528 0.980247 0.037500 0.039506
0 0.645833 0.982716 0.036111 0.034568
0 0.547222 0.970370 0.044444 0.059259