0 0.480556 0.133333 0.030556 0.044444
2 0.803472 0.932099 0.040278 0.076543
1 0.675000 0.439506 0.094444 0.177778
2 0.470833 0.970370 0.052778 0.059259
2 0.221528 0.943210 0.048611 0.083951
2 0.170139 0.896296 0.059722 0.083951
2 0.361111 0.820988 0.044444 0.066667
2 0.554167 0.572840 0.052778 0.093827
2 0.431944 0.330864 0.063889 0.108642
2 0.059722 0.661728 0.069444 0.103704
0 0.594444 0.911111 0.061111 0.113580
0 0.338194 0.735802 0.054167 0.074074
0 0.847222 0.922222 0.052778 0.091358
0 0.612500 0.167901 0.030556 0.054321
0 0.650000 0.620988 0.050000 0.101235
0 0.522917 0.371605 0.056944 0.096296
0 0.236111 0.322222 0.055556 0.081481