2 0.542361 0.401235 0.045833 0.066667
2 0.603472 0.472840 0.043056 0.056790
2 0.383333 0.634568 0.050000 0.069136
2 0.338889 0.688889 0.050000 0.064198
0 0.543056 0.282716 0.022222 0.032099
0 0.572917 0.227160 0.018056 0.034568
0 0.979167 0.362963 0.041667 0.088889
0 0.949306 0.224691 0.043056 0.069136
0 0.868056 0.837037 0.061111 0.108642
0 0.761806 0.719753 0.051389 0.106173
0 0.774306 0.591358 0.065278 0.096296
0 0.688194 0.612346 0.045833 0.083951
0 0.626389 0.365432 0.041667 0.069136
0 0.445139 0.908642 0.043056 0.088889
0 0.390278 0.792593 0.027778 0.069136
0 0.423611 0.546914 0.033333 0.056790
0 0.340278 0.543210 0.027778 0.064198
0 0.159028 0.779012 0.043056 0.056790