2 0.318750 0.572840 0.034722 0.044444
2 0.374306 0.691358 0.029167 0.054321
0 0.536111 0.233333 0.033333 0.066667
0 0.477083 0.197531 0.031944 0.059259
0 0.702778 0.754321 0.041667 0.086420
0 0.742361 0.733333 0.034722 0.079012
0 0.263194 0.498765 0.029167 0.039506
0 0.392361 0.467901 0.026389 0.061728
0 0.342361 0.414815 0.034722 0.054321
0 0.190972 0.803704 0.034722 0.046914
0 0.397222 0.914815 0.038889 0.076543
0 0.425000 0.743210 0.041667 0.083951
0 0.256250 0.719753 0.040278 0.071605
0 0.053472 0.723457 0.056944 0.069136
2 0.056944 0.922222 0.077778 0.091358