1 0.637500 0.654321 0.072222 0.069136
1 0.695139 0.200000 0.065278 0.128395
0 0.888194 0.291358 0.073611 0.118519
0 0.460417 0.264198 0.043056 0.108642
0 0.247222 0.938272 0.047222 0.123457
0 0.467361 0.948148 0.090278 0.103704
0 0.581944 0.820988 0.077778 0.155556
0 0.118750 0.775309 0.093056 0.148148
0 0.042361 0.041975 0.084722 0.083951
2 0.209722 0.895062 0.050000 0.096296
2 0.494444 0.779012 0.091667 0.165432
2 0.727083 0.682716 0.068056 0.111111
2 0.569444 0.483951 0.055556 0.059259
2 0.506944 0.466667 0.055556 0.069136
2 0.413889 0.623457 0.052778 0.061728
2 0.240972 0.627160 0.054167 0.083951