2 0.289583 0.397531 0.076389 0.093827
2 0.899306 0.324691 0.068056 0.076543
2 0.604861 0.355556 0.054167 0.079012
2 0.686806 0.371605 0.062500 0.086420
2 0.614583 0.803704 0.068056 0.130864
2 0.675694 0.638272 0.068056 0.111111
0 0.554861 0.648148 0.062500 0.106173
0 0.693750 0.133333 0.040278 0.059259
0 0.627778 0.267901 0.038889 0.061728
0 0.581944 0.266667 0.036111 0.059259
0 0.507639 0.029630 0.031944 0.059259
0 0.467361 0.104938 0.037500 0.066667
0 0.401389 0.150617 0.036111 0.059259
0 0.400000 0.381481 0.041667 0.071605
0 0.190972 0.391358 0.068056 0.086420
0 0.113889 0.129630 0.044444 0.066667