0 0.020139 0.512346 0.037500 0.086420
0 0.369444 0.340741 0.055556 0.113580
0 0.682639 0.154321 0.034722 0.061728
0 0.631250 0.053086 0.034722 0.061728
0 0.113194 0.259259 0.081944 0.123457
0 0.276389 0.520988 0.055556 0.083951
0 0.824306 0.929630 0.076389 0.111111
0 0.719444 0.328395 0.041667 0.069136
2 0.166667 0.561728 0.069444 0.081481
2 0.516667 0.779012 0.075000 0.101235
2 0.634028 0.445679 0.034722 0.056790
0 0.822917 0.214815 0.043056 0.054321
0 0.873611 0.196296 0.030556 0.056790
1 0.764583 0.762963 0.079167 0.049383
1 0.777083 0.833333 0.059722 0.066667
2 0.923611 0.808642 0.058333 0.076543