0 0.897222 0.704938 0.047222 0.096296
0 0.071528 0.133333 0.040278 0.064198
0 0.532639 0.162963 0.029167 0.049383
0 0.664583 0.096296 0.031944 0.049383
0 0.629167 0.192593 0.063889 0.108642
0 0.840278 0.114815 0.044444 0.071605
0 0.927778 0.267901 0.061111 0.081481
0 0.836111 0.365432 0.050000 0.088889
0 0.759028 0.271605 0.040278 0.059259
0 0.661111 0.262963 0.038889 0.066667
0 0.546528 0.490123 0.031944 0.056790
0 0.549306 0.680247 0.034722 0.066667
0 0.405556 0.780247 0.027778 0.083951
0 0.362500 0.806173 0.033333 0.056790
0 0.302778 0.840741 0.036111 0.061728