2 0.606944 0.774074 0.047222 0.061728
2 0.443750 0.761728 0.043056 0.051852
2 0.161111 0.350617 0.044444 0.064198
2 0.126389 0.269136 0.041667 0.054321
0 0.593056 0.520988 0.025000 0.059259
0 0.593750 0.397531 0.037500 0.054321
0 0.500000 0.418519 0.030556 0.041975
0 0.470139 0.459259 0.034722 0.049383
0 0.410417 0.433333 0.031944 0.066667
0 0.808333 0.866667 0.083333 0.138272
0 0.627778 0.896296 0.050000 0.074074
0 0.386806 0.943210 0.054167 0.088889
0 0.412500 0.840741 0.041667 0.056790
0 0.340278 0.672840 0.047222 0.081481
0 0.245833 0.469136 0.047222 0.059259