2 4.532639 4.302469 0.387500 0.481481
0 4.443056 5.083951 0.377778 0.498765
0 2.094444 4.139506 0.208333 0.407407
0 2.567361 4.016049 0.173611 0.313580
0 3.000000 3.654321 0.213889 0.350617
0 3.723611 2.828395 0.163889 0.338272
0 3.303472 2.350617 0.187500 0.316049
0 3.613194 1.854321 0.176389 0.325926
0 3.852778 1.670370 0.169444 0.303704
0 3.052083 0.702469 0.112500 0.244444
0 2.924306 0.951852 0.115278 0.204938
0 2.470139 1.260494 0.115278 0.200000
0 2.357639 1.434568 0.137500 0.197531
0 2.602083 1.309877 0.134722 0.180247
0 2.020139 2.062963 0.137500 0.200000
0 2.055556 2.306173 0.119444 0.227160