0 0.079167 0.755556 0.050000 0.093827
0 0.211806 0.611111 0.034722 0.081481
0 0.141667 0.702469 0.044444 0.086420
0 0.625000 0.595062 0.052778 0.098765
0 0.911111 0.327160 0.069444 0.096296
0 0.853472 0.217284 0.037500 0.088889
0 0.307639 0.027160 0.029167 0.044444
0 0.400000 0.064198 0.077778 0.098765
0 0.599306 0.025926 0.037500 0.051852
0 0.658333 0.177778 0.055556 0.088889
0 0.586111 0.267901 0.038889 0.091358
0 0.516667 0.169136 0.044444 0.061728
0 0.420833 0.151852 0.041667 0.071605
0 0.305556 0.379012 0.036111 0.071605
0 0.304861 0.591358 0.045833 0.061728