0 0.300694 0.138272 0.070833 0.133333
0 0.422222 0.060494 0.063889 0.116049
0 0.499306 0.050617 0.062500 0.096296
0 0.379861 0.251852 0.070833 0.148148
0 0.343750 0.401235 0.084722 0.140741
0 0.494444 0.550617 0.116667 0.182716
0 0.492361 0.181481 0.070833 0.135802
0 0.586111 0.182716 0.075000 0.133333
0 0.691667 0.232099 0.072222 0.128395
0 0.704167 0.556790 0.094444 0.204938
0 0.834028 0.725926 0.112500 0.187654
2 0.788194 0.462963 0.123611 0.200000
2 0.600694 0.395062 0.084722 0.103704
2 0.415972 0.934568 0.112500 0.130864
1 0.652778 0.759259 0.191667 0.190123
1 0.685417 0.335802 0.123611 0.108642
1 0.591667 0.287654 0.069444 0.101235