0 0.066667 0.300000 0.108333 0.140741
0 0.209028 0.132099 0.065278 0.101235
0 0.304167 0.055556 0.055556 0.091358
0 0.200000 0.045679 0.052778 0.091358
0 0.359028 0.103704 0.056944 0.108642
0 0.276389 0.269136 0.061111 0.108642
0 0.359722 0.206173 0.066667 0.091358
0 0.390972 0.337037 0.093056 0.135802
0 0.229861 0.406173 0.106944 0.160494
0 0.029167 0.649383 0.055556 0.177778
0 0.100000 0.661728 0.058333 0.113580
2 0.188889 0.276543 0.055556 0.088889
2 0.434722 0.075309 0.077778 0.091358
2 0.474306 0.234568 0.101389 0.148148
2 0.554167 0.193827 0.061111 0.111111
2 0.546528 0.314815 0.090278 0.130864
2 0.687500 0.450617 0.105556 0.140741
2 0.756250 0.762963 0.123611 0.148148
2 0.884722 0.239506 0.136111 0.148148
2 0.890278 0.451852 0.122222 0.128395
3 0.500000 0.418519 0.025000 0.032099
3 0.661111 0.360494 0.022222 0.029630
3 0.940278 0.602469 0.119444 0.182716
2 0.237500 0.579012 0.061111 0.111111
1 0.074306 0.497531 0.068056 0.125926