0 0.031944 0.518519 0.063889 0.138272
2 0.953472 0.638272 0.093056 0.140741
1 0.619444 0.611111 0.138889 0.190123
2 0.940972 0.302469 0.115278 0.175309
2 0.877083 0.198765 0.095833 0.130864
2 0.750000 0.754321 0.100000 0.150617
2 0.611111 0.904938 0.130556 0.190123
2 0.463194 0.438272 0.101389 0.209877
2 0.709028 0.324691 0.095833 0.125926
2 0.671528 0.202469 0.106944 0.162963
0 0.959722 0.449383 0.080556 0.227160
0 0.444444 0.820988 0.091667 0.180247
0 0.345833 0.400000 0.066667 0.143210
0 0.269444 0.543210 0.097222 0.138272
0 0.232639 0.360494 0.084722 0.133333
0 0.131250 0.340741 0.079167 0.113580
0 0.545833 0.382716 0.058333 0.108642
0 0.379861 0.190123 0.093056 0.182716
0 0.268056 0.197531 0.091667 0.153086
0 0.103472 0.175309 0.101389 0.133333