0 0.175000 0.440741 0.130556 0.190123
0 0.511806 0.413580 0.090278 0.165432
0 0.675694 0.486420 0.087500 0.138272
0 0.509722 0.632099 0.102778 0.172840
0 0.456250 0.841975 0.106944 0.177778
0 0.927083 0.895062 0.109722 0.150617
0 0.695833 0.245679 0.088889 0.145679
0 0.513194 0.044444 0.070833 0.088889
0 0.772222 0.169136 0.077778 0.096296
0 0.822917 0.274074 0.062500 0.123457
0 0.880556 0.255556 0.055556 0.125926
0 0.818056 0.124691 0.052778 0.081481
2 0.322917 0.702469 0.145833 0.234568
2 0.563194 0.901235 0.115278 0.197531
2 0.586111 0.401235 0.061111 0.111111
2 0.308333 0.124691 0.088889 0.101235
1 0.638194 0.633333 0.176389 0.125926
2 0.852778 0.777778 0.072222 0.093827