1 0.787500 0.408642 0.161111 0.125926
1 0.736806 0.286420 0.156944 0.083951
0 0.820833 0.082716 0.077778 0.165432
0 0.744444 0.169136 0.100000 0.170370
0 0.347222 0.302469 0.113889 0.160494
0 0.403472 0.439506 0.106944 0.128395
0 0.278472 0.237037 0.073611 0.138272
0 0.570833 0.951852 0.105556 0.096296
0 0.410417 0.613580 0.131944 0.269136
0 0.556944 0.530864 0.083333 0.148148
0 0.611111 0.713580 0.119444 0.217284
0 0.331944 0.919753 0.130556 0.160494
0 0.251389 0.479012 0.086111 0.108642
0 0.184722 0.660494 0.147222 0.224691
0 0.467361 0.239506 0.090278 0.143210
0 0.377083 0.148148 0.081944 0.133333
0 0.269444 0.071605 0.075000 0.138272
0 0.182639 0.175309 0.093056 0.143210
0 0.104861 0.395062 0.112500 0.133333