1 0.949306 0.779012 0.101389 0.130864
1 0.466667 0.472840 0.094444 0.130864
1 0.376389 0.427160 0.041667 0.123457
1 0.667361 0.522222 0.104167 0.249383
1 0.522917 0.811111 0.173611 0.106173
2 0.453472 0.943210 0.101389 0.113580
0 0.251389 0.267901 0.052778 0.096296
0 0.282639 0.720988 0.076389 0.143210
0 0.242361 0.509877 0.093056 0.116049
0 0.409722 0.271605 0.072222 0.098765
0 0.431944 0.160494 0.047222 0.088889
0 0.547917 0.504938 0.054167 0.135802
0 0.506250 0.338272 0.048611 0.098765
0 0.570139 0.311111 0.073611 0.143210
0 0.529861 0.123457 0.070833 0.118519
0 0.438194 0.040741 0.037500 0.061728
0 0.375000 0.090123 0.052778 0.091358