0 0.856944 0.117284 0.100000 0.140741
0 0.393750 0.439506 0.051389 0.093827
0 0.430556 0.645679 0.072222 0.096296
0 0.459028 0.513580 0.051389 0.093827
0 0.517361 0.524691 0.059722 0.081481
0 0.529861 0.296296 0.048611 0.093827
0 0.556250 0.388889 0.068056 0.101235
0 0.600694 0.545679 0.073611 0.093827
0 0.695139 0.404938 0.095833 0.143210
0 0.659028 0.167901 0.059722 0.128395
0 0.864583 0.244444 0.090278 0.133333
0 0.585417 0.656790 0.076389 0.123457
0 0.460417 0.945679 0.081944 0.108642
0 0.570139 0.867901 0.073611 0.160494
0 0.660417 0.877778 0.095833 0.170370
0 0.763194 0.956790 0.090278 0.086420
0 0.878472 0.665432 0.118056 0.204938
0 0.958333 0.558025 0.083333 0.197531
0 0.959028 0.829630 0.081944 0.217284
1 0.502083 0.696296 0.093056 0.093827
1 0.700694 0.698765 0.062500 0.128395