0 0.410417 0.375309 0.062500 0.118519
0 0.120833 0.637037 0.116667 0.182716
0 0.325694 0.450617 0.093056 0.135802
0 0.309028 0.582716 0.084722 0.143210
0 0.405556 0.587654 0.063889 0.108642
0 0.435417 0.729630 0.079167 0.140741
0 0.577778 0.870370 0.080556 0.135802
0 0.359028 0.923457 0.087500 0.153086
0 0.234722 0.950617 0.100000 0.098765
0 0.791667 0.708642 0.072222 0.123457
0 0.850694 0.771605 0.068056 0.135802
1 0.666667 0.467901 0.063889 0.259259
0 0.041667 0.264198 0.075000 0.167901
0 0.103472 0.297531 0.056944 0.145679
2 0.718056 0.650617 0.083333 0.120988
3 0.465972 0.970370 0.020833 0.049383