0 0.536111 0.135802 0.058333 0.108642
0 0.220833 0.258025 0.066667 0.101235
0 0.207639 0.939506 0.095833 0.120988
0 0.570833 0.816049 0.069444 0.145679
0 0.638889 0.682716 0.097222 0.200000
0 0.543056 0.534568 0.061111 0.125926
0 0.604861 0.270370 0.087500 0.175309
0 0.430556 0.355556 0.086111 0.143210
0 0.399306 0.082716 0.068056 0.135802
0 0.134722 0.714815 0.080556 0.106173
0 0.963194 0.100000 0.073611 0.195062
0 0.665972 0.058025 0.070833 0.116049
0 0.470833 0.208642 0.072222 0.135802
0 0.189583 0.604938 0.115278 0.128395
1 0.485417 0.677778 0.104167 0.195062
1 0.370139 0.550617 0.054167 0.118519
2 0.650694 0.479012 0.095833 0.148148
2 0.852778 0.258025 0.091667 0.155556
2 0.455556 0.801235 0.072222 0.145679
3 0.434028 0.564198 0.040278 0.061728
3 0.504167 0.393827 0.022222 0.056790