2 0.224306 0.477778 0.148611 0.160494
0 0.547917 0.101235 0.070833 0.098765
0 0.663889 0.160494 0.075000 0.128395
0 0.827778 0.143210 0.072222 0.108642
0 0.527083 0.459259 0.090278 0.143210
0 0.692361 0.803704 0.081944 0.175309
0 0.893750 0.340741 0.076389 0.118519
0 0.894444 0.474074 0.069444 0.098765
0 0.873611 0.607407 0.061111 0.113580
0 0.825694 0.614815 0.065278 0.108642
0 0.781250 0.688889 0.090278 0.118519
0 0.812500 0.818519 0.066667 0.160494
0 0.863194 0.791358 0.054167 0.120988
1 0.162500 0.245679 0.094444 0.116049
1 0.708333 0.595062 0.088889 0.276543