1 0.496528 0.617284 0.156944 0.192593
2 0.764583 0.593827 0.143056 0.185185
2 0.807639 0.449383 0.109722 0.138272
2 0.615278 0.772840 0.094444 0.167901
2 0.434722 0.522222 0.091667 0.140741
0 0.909722 0.059259 0.138889 0.108642
0 0.768750 0.250617 0.118056 0.200000
0 0.577778 0.355556 0.094444 0.172840
0 0.445833 0.930864 0.083333 0.133333
0 0.372917 0.739506 0.056944 0.111111
0 0.295139 0.924691 0.087500 0.101235
0 0.202778 0.839506 0.088889 0.138272
0 0.239583 0.596296 0.073611 0.111111
0 0.359028 0.574074 0.070833 0.111111
0 0.411111 0.414815 0.075000 0.113580
0 0.295139 0.359259 0.059722 0.130864
0 0.358333 0.301235 0.055556 0.083951
0 0.406250 0.229630 0.079167 0.128395
0 0.489583 0.201235 0.090278 0.130864
0 0.454167 0.053086 0.088889 0.096296