0 0.870139 0.385185 0.045833 0.079012
0 0.839583 0.511111 0.043056 0.074074
0 0.708333 0.537037 0.041667 0.076543
0 0.597222 0.756790 0.052778 0.071605
0 0.515972 0.681481 0.045833 0.074074
0 0.423611 0.900000 0.044444 0.096296
0 0.272917 0.665432 0.068056 0.101235
0 0.291667 0.269136 0.058333 0.093827
0 0.097222 0.286420 0.069444 0.098765
0 0.079167 0.637037 0.075000 0.113580
2 0.388194 0.370370 0.040278 0.079012
2 0.600694 0.644444 0.040278 0.064198
2 0.731944 0.696296 0.044444 0.083951
2 0.590278 0.949383 0.041667 0.071605
2 0.617361 0.977778 0.034722 0.044444
2 0.641667 0.965432 0.044444 0.069136
2 0.443056 0.698765 0.055556 0.108642
2 0.479167 0.629630 0.036111 0.074074
2 0.322222 0.520988 0.047222 0.079012
2 0.197917 0.611111 0.065278 0.116049
2 0.018750 0.734568 0.037500 0.086420