0 0.202778 0.693827 0.044444 0.079012
0 0.077083 0.862963 0.062500 0.116049
0 0.049306 0.716049 0.062500 0.103704
0 0.484722 0.388889 0.041667 0.076543
0 0.863889 0.802469 0.119444 0.182716
0 0.422917 0.544444 0.034722 0.061728
0 0.455556 0.583951 0.036111 0.086420
0 0.472917 0.814815 0.056944 0.108642
0 0.536111 0.801235 0.075000 0.120988
0 0.629167 0.879012 0.083333 0.153086
0 0.478472 0.943210 0.068056 0.113580
0 0.547917 0.930864 0.084722 0.128395
1 0.574306 0.327160 0.073611 0.106173
1 0.706944 0.301235 0.150000 0.118519
1 0.538194 0.627160 0.062500 0.187654
1 0.732639 0.049383 0.054167 0.093827