0 0.144444 0.746914 0.105556 0.160494
0 0.322222 0.714815 0.086111 0.130864
0 0.527778 0.853086 0.086111 0.140741
0 0.683333 0.432099 0.080556 0.123457
0 0.707639 0.198765 0.056944 0.091358
0 0.224306 0.429630 0.065278 0.093827
0 0.309722 0.538272 0.086111 0.123457
0 0.319444 0.400000 0.086111 0.153086
0 0.437500 0.422222 0.072222 0.138272
0 0.528472 0.469136 0.059722 0.133333
0 0.500694 0.228395 0.051389 0.076543
0 0.528472 0.322222 0.093056 0.106173
0 0.576389 0.266667 0.050000 0.103704
0 0.205556 0.129630 0.066667 0.096296
0 0.390278 0.041975 0.066667 0.079012
0 0.490278 0.093827 0.055556 0.093827
0 0.549306 0.097531 0.054167 0.101235
0 0.696528 0.092593 0.059722 0.076543
2 0.585417 0.571605 0.070833 0.086420