3 0.818056 0.870370 0.141667 0.234568
0 0.095833 0.146914 0.069444 0.135802
0 0.214583 0.266667 0.062500 0.133333
0 0.273611 0.337037 0.066667 0.101235
0 0.290278 0.204938 0.063889 0.123457
0 0.364583 0.141975 0.051389 0.101235
0 0.242361 0.138272 0.054167 0.093827
0 0.204861 0.093827 0.073611 0.108642
0 0.318056 0.039506 0.044444 0.079012
0 0.416667 0.030864 0.075000 0.056790
0 0.554167 0.354321 0.091667 0.155556
0 0.277083 0.955556 0.090278 0.088889
1 0.484722 0.582716 0.144444 0.187654
1 0.504861 0.764198 0.231944 0.185185
3 0.702778 0.895062 0.077778 0.125926
3 0.799306 0.491358 0.095833 0.148148
3 0.318750 0.477778 0.095833 0.135802