2 0.855556 0.360494 0.058333 0.088889
2 0.609028 0.603704 0.084722 0.116049
0 0.174306 0.298765 0.043056 0.083951
0 0.259722 0.379012 0.052778 0.096296
0 0.225694 0.291358 0.056944 0.093827
0 0.253472 0.067901 0.070833 0.125926
0 0.981250 0.238272 0.037500 0.081481
0 0.972222 0.153086 0.055556 0.083951
0 0.940278 0.062963 0.072222 0.086420
0 0.873611 0.161728 0.061111 0.091358
0 0.802083 0.185185 0.062500 0.093827
0 0.711111 0.117284 0.047222 0.066667
0 0.684028 0.234568 0.043056 0.064198
0 0.630556 0.211111 0.052778 0.086420
0 0.581944 0.206173 0.050000 0.086420
0 0.618750 0.327160 0.065278 0.096296
0 0.504167 0.366667 0.052778 0.106173
0 0.408333 0.456790 0.052778 0.079012
0 0.320833 0.580247 0.055556 0.083951
0 0.397917 0.586420 0.048611 0.091358
0 0.709028 0.772840 0.093056 0.148148
0 0.527778 0.662963 0.072222 0.125926
0 0.299306 0.829630 0.098611 0.153086