0 0.334028 0.376543 0.084722 0.091358
0 0.345833 0.486420 0.044444 0.074074
0 0.543056 0.286420 0.066667 0.123457
0 0.511806 0.455556 0.048611 0.101235
0 0.097222 0.758025 0.052778 0.093827
0 0.200694 0.829630 0.081944 0.113580
0 0.329861 0.788889 0.062500 0.096296
0 0.417361 0.823457 0.059722 0.106173
0 0.481250 0.735802 0.081944 0.103704
0 0.511806 0.871605 0.090278 0.138272
0 0.652778 0.818519 0.088889 0.091358
0 0.670139 0.919753 0.112500 0.145679
2 0.675000 0.620988 0.094444 0.175309
2 0.917361 0.734568 0.165278 0.209877
2 0.419444 0.538272 0.063889 0.108642
3 0.550000 0.429630 0.044444 0.128395
3 0.603472 0.402469 0.068056 0.138272
1 0.600000 0.066667 0.100000 0.113580