1 0.631250 0.556790 0.101389 0.175309
1 0.493056 0.719753 0.105556 0.111111
0 0.496528 0.974074 0.068056 0.051852
0 0.418056 0.893827 0.069444 0.103704
0 0.518750 0.825926 0.093056 0.155556
0 0.778472 0.930864 0.101389 0.138272
0 0.661806 0.860494 0.106944 0.165432
0 0.782639 0.741975 0.098611 0.120988
0 0.841667 0.622222 0.091667 0.128395
0 0.734722 0.582716 0.086111 0.108642
0 0.725000 0.360494 0.069444 0.103704
0 0.806944 0.328395 0.061111 0.098765
0 0.929167 0.202469 0.075000 0.143210
0 0.870139 0.129630 0.062500 0.111111
0 0.760417 0.134568 0.059722 0.101235
0 0.734722 0.045679 0.061111 0.091358
0 0.575000 0.107407 0.052778 0.086420
0 0.597222 0.297531 0.072222 0.116049
0 0.401389 0.486420 0.066667 0.103704
0 0.063889 0.519753 0.083333 0.116049
0 0.220139 0.525926 0.093056 0.123457