2 0.523611 0.300000 0.083333 0.165432
0 0.042361 0.388889 0.079167 0.155556
0 0.332639 0.246914 0.079167 0.128395
0 0.361111 0.437037 0.091667 0.158025
0 0.061111 0.838272 0.119444 0.219753
0 0.288889 0.909877 0.111111 0.180247
0 0.422222 0.822222 0.088889 0.148148
0 0.517361 0.430864 0.090278 0.150617
0 0.594444 0.613580 0.091667 0.150617
0 0.742361 0.583951 0.095833 0.145679
0 0.704861 0.782716 0.093056 0.172840
0 0.593056 0.465432 0.069444 0.135802
0 0.650000 0.332099 0.069444 0.111111
0 0.727778 0.377778 0.083333 0.123457
0 0.740972 0.092593 0.081944 0.135802
0 0.313889 0.156790 0.061111 0.061728
0 0.361111 0.133333 0.052778 0.098765
0 0.415278 0.159259 0.075000 0.061728
1 0.457639 0.508642 0.065278 0.266667
1 0.602778 0.800000 0.158333 0.251852
1 0.914583 0.195062 0.137500 0.098765