3 0.053472 0.504938 0.084722 0.145679
3 0.525000 0.755556 0.038889 0.074074
3 0.436806 0.690123 0.054167 0.101235
3 0.698611 0.356790 0.058333 0.076543
3 0.235417 0.632099 0.037500 0.044444
3 0.358333 0.569136 0.058333 0.091358
3 0.418750 0.381481 0.043056 0.061728
3 0.515278 0.614815 0.097222 0.162963
2 0.671528 0.617284 0.129167 0.187654
2 0.355556 0.832099 0.058333 0.118519
1 0.255556 0.688889 0.141667 0.177778
1 0.184028 0.550617 0.162500 0.098765
0 0.056250 0.955556 0.104167 0.088889
0 0.274306 0.313580 0.087500 0.153086
0 0.109722 0.046914 0.080556 0.088889
0 0.074306 0.191358 0.056944 0.096296