3 2.698611 2.334568 0.358333 0.437037
3 2.936111 1.770370 0.252778 0.395062
3 4.799306 4.754321 0.470833 0.688889
3 4.855556 4.227160 0.519444 0.933333
3 4.319444 3.969136 0.858333 1.449383
3 2.193056 2.103704 0.261111 0.429630
3 2.334722 2.407407 0.280556 0.360494
3 1.952778 2.520988 0.283333 0.395062
3 0.734722 2.679012 0.366667 0.395062
3 1.484028 2.832099 0.293056 0.291358
3 5.024306 4.985185 0.618056 0.696296
3 2.548611 1.834568 0.280556 0.404938
3 2.390278 1.664198 0.227778 0.370370
3 1.770139 1.872840 0.251389 0.372840
3 2.320139 1.109877 0.179167 0.244444
3 2.829861 1.129630 0.170833 0.338272
3 1.394444 2.687654 0.277778 0.283951
3 4.295139 1.164198 0.240278 0.229630
3 0.911111 3.523457 0.383333 0.493827