3 0.555556 0.853086 0.108333 0.190123
2 0.692361 0.639506 0.079167 0.133333
1 0.551389 0.085185 0.050000 0.106173
1 0.643056 0.069136 0.058333 0.113580
1 0.693750 0.139506 0.065278 0.111111
1 0.597222 0.155556 0.052778 0.088889
1 0.412500 0.150617 0.066667 0.088889
1 0.484028 0.219753 0.054167 0.083951
1 0.513889 0.324691 0.063889 0.096296
1 0.323611 0.420988 0.080556 0.096296
1 0.451389 0.538272 0.063889 0.123457
1 0.520833 0.682716 0.086111 0.130864
1 0.308333 0.670370 0.077778 0.101235
1 0.366667 0.576543 0.063889 0.116049
1 0.189583 0.596296 0.090278 0.116049
1 0.736806 0.344444 0.170833 0.160494