0 0.412500 0.695062 0.063889 0.106173
0 0.530556 0.812346 0.080556 0.138272
0 0.493750 0.572840 0.056944 0.088889
0 0.594444 0.658025 0.061111 0.135802
0 0.742361 0.667901 0.068056 0.145679
0 0.681944 0.495062 0.063889 0.111111
0 0.605556 0.345679 0.072222 0.143210
0 0.797917 0.420988 0.070833 0.130864
0 0.879861 0.855556 0.112500 0.200000
0 0.975000 0.735802 0.050000 0.148148
0 0.525000 0.077778 0.050000 0.076543
0 0.627083 0.130864 0.048611 0.064198
0 0.758333 0.204938 0.055556 0.093827
0 0.933333 0.190123 0.069444 0.128395
0 0.705556 0.045679 0.091667 0.091358
0 0.804861 0.127160 0.059722 0.091358
2 0.954861 0.400000 0.048611 0.074074
2 0.674306 0.790123 0.112500 0.167901