0 0.081250 0.395062 0.120833 0.177778
0 0.218056 0.335802 0.080556 0.113580
0 0.306944 0.392593 0.100000 0.138272
0 0.428472 0.440741 0.090278 0.145679
0 0.563194 0.488889 0.087500 0.148148
0 0.404167 0.591358 0.066667 0.101235
0 0.175694 0.523457 0.106944 0.167901
0 0.022917 0.545679 0.045833 0.167901
2 0.304167 0.217284 0.072222 0.108642
2 0.382639 0.317284 0.109722 0.140741
2 0.279167 0.555556 0.094444 0.148148
2 0.424306 0.828395 0.162500 0.259259
2 0.545833 0.653086 0.125000 0.200000
2 0.243750 0.941975 0.134722 0.116049
1 0.666667 0.107407 0.100000 0.160494
1 0.497222 0.300000 0.113889 0.101235
1 0.686806 0.660494 0.143056 0.175309
1 0.763889 0.937037 0.111111 0.125926
2 0.647222 0.411111 0.113889 0.150617
1 0.453472 0.056790 0.084722 0.093827