0 0.526389 0.733333 0.086111 0.158025
0 0.212500 0.056790 0.044444 0.079012
0 0.376389 0.338272 0.061111 0.123457
0 0.240278 0.713580 0.083333 0.148148
0 0.325000 0.632099 0.069444 0.108642
0 0.363194 0.888889 0.090278 0.143210
0 0.250694 0.961728 0.095833 0.076543
0 0.634028 0.890123 0.095833 0.185185
0 0.675694 0.611111 0.081944 0.135802
0 0.827083 0.491358 0.104167 0.158025
0 0.964583 0.555556 0.070833 0.197531
0 0.943750 0.822222 0.112500 0.207407
0 0.679861 0.085185 0.093056 0.135802
0 0.883333 0.091358 0.130556 0.162963
2 0.614583 0.187654 0.095833 0.138272
2 0.700694 0.217284 0.093056 0.133333
2 0.686111 0.319753 0.102778 0.125926
2 0.559028 0.462963 0.073611 0.150617
2 0.629167 0.500000 0.083333 0.106173
2 0.436806 0.923457 0.068056 0.148148
2 0.277083 0.260494 0.056944 0.140741
2 0.542361 0.218519 0.056944 0.111111
2 0.955556 0.179012 0.088889 0.116049
2 0.275694 0.400000 0.051389 0.088889
0 0.112500 0.491358 0.086111 0.143210