0 0.500000 0.040741 0.069444 0.076543
0 0.902778 0.112346 0.119444 0.175309
0 0.973611 0.230864 0.052778 0.180247
0 0.616667 0.403704 0.072222 0.165432
0 0.749306 0.681481 0.093056 0.158025
0 0.512500 0.662963 0.075000 0.145679
0 0.618056 0.759259 0.113889 0.155556
0 0.630556 0.604938 0.091667 0.148148
2 0.755556 0.396296 0.127778 0.200000
2 0.830556 0.592593 0.086111 0.138272
2 0.515972 0.271605 0.070833 0.098765
2 0.514583 0.166667 0.106944 0.101235
2 0.795833 0.788889 0.108333 0.155556
1 0.362500 0.559259 0.147222 0.200000
1 0.407639 0.390123 0.068056 0.143210