0 0.188194 3.848148 0.259722 0.516049
0 0.440278 3.781481 0.297222 0.570370
0 0.546528 3.481481 0.323611 0.543210
2 4.190972 1.987654 0.270833 0.380247
0 5.140972 4.950617 0.384722 0.716049
0 2.115972 3.528395 0.662500 1.076543
0 3.905556 1.807407 0.272222 0.449383
2 2.134722 1.376543 0.391667 0.323457
2 2.616667 0.735802 0.275000 0.483951
2 2.752083 1.896296 0.409722 0.429630
2 3.938194 3.422222 0.259722 0.558025
2 4.070833 4.175309 0.436111 0.661728
2 1.010417 0.686420 0.290278 0.434568
0 4.525000 1.302469 0.308333 0.338272
0 3.554861 1.630864 0.223611 0.323457
0 1.310417 1.927160 0.343056 0.530864