0 4.787500 2.861728 0.294444 0.316049
0 4.468750 4.369136 0.256944 0.382716
0 3.629861 5.172840 0.245833 0.320988
0 4.150000 3.375309 0.197222 0.301235
0 4.446528 3.919753 0.173611 0.362963
0 4.232639 3.859259 0.204167 0.390123
0 3.768750 3.538272 0.184722 0.350617
0 2.905556 1.416049 0.133333 0.190123
0 2.825000 1.603704 0.144444 0.229630
0 2.335417 2.724691 0.148611 0.244444
0 2.372917 2.907407 0.148611 0.249383
0 2.179861 3.244444 0.173611 0.296296
0 1.847222 3.701235 0.133333 0.316049
0 1.672917 3.506173 0.181944 0.335802
0 1.503472 3.872840 0.204167 0.323457
0 1.138194 5.102469 0.184722 0.382716