2 0.143056 0.780247 0.130556 0.138272
2 0.675000 0.692593 0.077778 0.116049
2 0.455556 0.559259 0.050000 0.081481
2 0.496528 0.603704 0.051389 0.066667
2 0.575694 0.623457 0.079167 0.125926
0 0.176389 0.669136 0.100000 0.103704
0 0.406250 0.675309 0.065278 0.096296
0 0.299306 0.655556 0.090278 0.101235
0 0.306250 0.745679 0.079167 0.103704
0 0.623611 0.845679 0.075000 0.145679
0 0.722917 0.885185 0.081944 0.140741
0 0.806944 0.880247 0.083333 0.120988
1 0.499306 0.702469 0.048611 0.145679
0 0.037500 0.897531 0.075000 0.190123