2 0.765278 0.065432 0.083333 0.130864
0 0.127778 0.141975 0.150000 0.204938
0 0.769444 0.448148 0.161111 0.333333
0 0.027083 0.162963 0.054167 0.172840
0 0.140972 0.400000 0.134722 0.177778
0 0.034028 0.309877 0.056944 0.091358
0 0.312500 0.579012 0.188889 0.224691
0 0.323611 0.909877 0.094444 0.145679
0 0.556250 0.802469 0.209722 0.177778
2 0.563194 0.593827 0.306944 0.451852
2 0.120139 0.679012 0.076389 0.138272
2 0.243750 0.766667 0.054167 0.116049
1 0.150000 0.925926 0.055556 0.148148
0 0.058333 0.946914 0.086111 0.106173
0 0.718750 0.944444 0.093056 0.111111