0 0.668750 0.654321 0.112500 0.207407
0 0.504167 0.201235 0.069444 0.120988
0 0.257639 0.349383 0.087500 0.116049
0 0.454861 0.524691 0.076389 0.101235
0 0.372917 0.613580 0.084722 0.145679
0 0.487500 0.786420 0.083333 0.165432
0 0.386806 0.907407 0.095833 0.170370
0 0.245139 0.949383 0.076389 0.101235
0 0.777778 0.832099 0.108333 0.177778
0 0.847222 0.535802 0.102778 0.158025
2 0.400694 0.104938 0.065278 0.155556
2 0.712500 0.362963 0.094444 0.202469
2 0.695833 0.076543 0.069444 0.138272
2 0.878472 0.200000 0.154167 0.187654
2 0.904167 0.085185 0.125000 0.135802
2 0.806944 0.055556 0.127778 0.111111
2 0.738194 0.507407 0.093056 0.111111
2 0.790278 0.409877 0.094444 0.128395
1 0.407639 0.413580 0.045833 0.180247
2 0.565972 0.818519 0.068056 0.150617
2 0.544444 0.676543 0.061111 0.108642