1 0.434722 0.028395 0.102778 0.056790
1 0.604167 0.346914 0.122222 0.170370
1 0.681250 0.524691 0.162500 0.135802
2 0.556944 0.806173 0.063889 0.150617
2 0.784722 0.896296 0.166667 0.207407
2 0.629167 0.682716 0.108333 0.175309
2 0.582639 0.132099 0.093056 0.155556
2 0.472222 0.320988 0.119444 0.177778
2 0.357639 0.456790 0.143056 0.261728
2 0.177778 0.574074 0.136111 0.229630
0 0.336111 0.260494 0.072222 0.106173
0 0.495833 0.166667 0.086111 0.160494
0 0.357639 0.113580 0.095833 0.153086
0 0.234028 0.075309 0.112500 0.150617
0 0.091667 0.153086 0.119444 0.167901