0 0.160417 0.080247 0.070833 0.076543
0 0.184028 0.129630 0.070833 0.120988
0 0.183333 0.320988 0.111111 0.182716
0 0.209722 0.640741 0.180556 0.254321
0 0.453472 0.562963 0.073611 0.128395
0 0.307639 0.892593 0.084722 0.214815
2 0.435417 0.295062 0.081944 0.125926
2 0.330556 0.365432 0.072222 0.103704
2 0.342361 0.518519 0.109722 0.172840
2 0.247917 0.051852 0.062500 0.074074
2 0.409722 0.727160 0.108333 0.190123
2 0.445139 0.444444 0.098611 0.098765
1 0.676389 0.708642 0.061111 0.291358
1 0.550694 0.683951 0.056944 0.237037
1 0.635417 0.464198 0.087500 0.108642
3 0.339583 0.659259 0.034722 0.044444
3 0.585417 0.697531 0.026389 0.056790