1 0.468750 0.729630 0.120833 0.130864
1 0.299306 0.265432 0.048611 0.150617
2 0.956250 0.708642 0.087500 0.212346
2 0.422917 0.922222 0.106944 0.155556
2 0.659028 0.814815 0.068056 0.128395
2 0.449306 0.192593 0.070833 0.148148
2 0.360417 0.667901 0.065278 0.111111
0 0.568750 0.580247 0.084722 0.138272
0 0.580556 0.402469 0.094444 0.143210
0 0.575694 0.218519 0.112500 0.180247
0 0.438194 0.597531 0.076389 0.148148
0 0.438889 0.377778 0.083333 0.148148
0 0.455556 0.034568 0.077778 0.064198
0 0.228472 0.503704 0.087500 0.118519
0 0.025000 0.596296 0.047222 0.101235