0 0.770833 0.051852 0.077778 0.103704
0 0.078472 0.333333 0.131944 0.197531
0 0.346528 0.609877 0.131944 0.212346
0 0.569444 0.444444 0.091667 0.158025
0 0.704167 0.414815 0.105556 0.192593
0 0.843750 0.344444 0.090278 0.155556
0 0.961111 0.420988 0.077778 0.165432
0 0.911806 0.880247 0.120833 0.195062
0 0.057639 0.880247 0.112500 0.239506
2 0.704167 0.598765 0.088889 0.140741
2 0.811806 0.567901 0.098611 0.182716
2 0.911806 0.555556 0.123611 0.162963
1 0.508333 0.692593 0.166667 0.185185
1 0.743056 0.723457 0.188889 0.138272
1 0.733333 0.290123 0.122222 0.283951
2 0.878472 0.141975 0.118056 0.140741