0 0.048611 0.522222 0.072222 0.086420
0 0.146528 0.509877 0.087500 0.096296
0 0.244444 0.462963 0.066667 0.091358
0 0.175000 0.264198 0.058333 0.098765
0 0.152083 0.391358 0.073611 0.106173
0 0.356250 0.564198 0.079167 0.160494
0 0.425000 0.477778 0.077778 0.125926
0 0.520833 0.479012 0.066667 0.118519
0 0.472222 0.586420 0.097222 0.165432
0 0.550694 0.667901 0.093056 0.170370
0 0.431944 0.834568 0.105556 0.187654
0 0.215278 0.629630 0.116667 0.123457
0 0.108333 0.702469 0.094444 0.145679
0 0.157639 0.892593 0.101389 0.185185
0 0.281944 0.953086 0.102778 0.093827
0 0.656944 0.834568 0.091667 0.128395
2 0.322917 0.241975 0.056944 0.113580
2 0.240972 0.327160 0.070833 0.140741
2 0.297222 0.720988 0.097222 0.158025
1 0.547222 0.823457 0.111111 0.145679
3 0.818056 0.303704 0.069444 0.103704