0 0.025000 0.783951 0.050000 0.155556
0 0.182639 0.334568 0.059722 0.076543
0 0.104167 0.364198 0.058333 0.066667
0 0.462500 0.374074 0.052778 0.076543
0 0.472917 0.288889 0.048611 0.069136
0 0.533333 0.264198 0.044444 0.059259
0 0.631944 0.232099 0.033333 0.054321
0 0.754861 0.279012 0.056944 0.093827
0 0.813889 0.227160 0.055556 0.093827
0 0.773611 0.397531 0.063889 0.118519
0 0.888194 0.398765 0.076389 0.130864
2 0.940278 0.504938 0.083333 0.091358
0 0.863889 0.550617 0.083333 0.138272
0 0.902083 0.779012 0.109722 0.185185
0 0.865278 0.912346 0.125000 0.175309
0 0.775000 0.970370 0.094444 0.059259