0 0.168750 0.559259 0.084722 0.130864
0 1.931250 2.162963 0.243056 0.439506
0 2.568750 1.358025 0.184722 0.251852
0 2.125000 0.091358 0.119444 0.182716
0 2.002083 0.339506 0.090278 0.125926
0 1.856250 0.396296 0.104167 0.145679
0 1.522222 0.743210 0.119444 0.153086
0 1.595833 0.562963 0.141667 0.256790
0 1.495833 0.420988 0.097222 0.135802
0 1.244444 1.174074 0.130556 0.239506
0 0.228472 1.276543 0.162500 0.167901
0 0.655556 0.393827 0.086111 0.120988
0 0.745833 0.183951 0.094444 0.140741
1 1.923611 1.614815 0.416667 0.691358
2 0.399306 0.255556 0.109722 0.170370
2 1.399306 0.648148 0.184722 0.249383
2 2.277083 1.651852 0.306944 0.498765