0 0.140972 0.245679 0.120833 0.165432
0 0.790278 0.538272 0.080556 0.133333
0 0.954861 0.355556 0.065278 0.108642
0 0.618056 0.301235 0.050000 0.088889
0 0.592361 0.054321 0.062500 0.093827
1 0.688889 0.723457 0.091667 0.153086
1 0.592361 0.945679 0.059722 0.108642
2 0.115972 0.858025 0.123611 0.140741
2 0.129167 0.775309 0.066667 0.059259
2 0.149306 0.671605 0.087500 0.093827
2 0.420139 0.718519 0.079167 0.103704
2 0.230556 0.960494 0.080556 0.079012
2 0.756250 0.867901 0.062500 0.091358
2 0.707639 0.349383 0.051389 0.066667