2 0.198828 0.700463 0.062240 0.077778
0 0.753906 0.761806 0.074479 0.137500
0 0.705859 0.401389 0.042448 0.085185
0 0.632682 0.299074 0.033594 0.057407
0 0.615885 0.410648 0.036979 0.084259
0 0.567187 0.595833 0.036458 0.069444
0 0.501823 0.534028 0.033854 0.067130
0 0.423177 0.189120 0.025000 0.032870
0 0.376172 0.196296 0.024740 0.030556
0 0.289714 0.264120 0.023177 0.043056
0 0.512760 0.350926 0.032292 0.041667
0 0.110677 0.944676 0.101042 0.103241
0 0.028255 0.754630 0.053385 0.100926
0 0.063542 0.500694 0.052083 0.063426