3 4.749306 3.003704 0.262500 0.397531
3 0.467361 2.634568 0.198611 0.286420
3 0.319444 3.023457 0.236111 0.229630
3 2.378472 2.865432 0.198611 0.318519
3 2.567361 2.919753 0.273611 0.279012
3 3.227778 3.866667 0.280556 0.479012
3 2.231250 4.081481 0.220833 0.370370
3 2.427778 4.102469 0.227778 0.358025
3 4.905556 2.440741 0.227778 0.338272
3 4.658333 2.520988 0.216667 0.271605
3 4.903472 5.107407 0.459722 0.451852
3 4.040278 4.874074 0.302778 0.548148
3 5.050694 4.343210 0.443056 0.612346
3 4.223611 3.480247 0.413889 0.604938
3 2.706944 3.429630 0.205556 0.385185
3 2.523611 3.658025 0.208333 0.303704
3 1.887500 3.282716 0.205556 0.303704
3 1.546528 2.890123 0.234722 0.397531
3 1.920139 2.425926 0.198611 0.259259
3 1.971528 2.175309 0.209722 0.271605
3 2.127083 1.930864 0.173611 0.222222
3 2.409028 2.285185 0.118056 0.303704