3 3.405556 1.383951 0.230556 0.422222
3 1.111806 1.143210 0.237500 0.325926
3 2.888194 3.611111 0.295833 0.427160
3 2.592361 5.091358 0.531944 0.483951
3 1.979861 4.392593 0.354167 0.849383
3 0.275694 2.809877 0.245833 0.325926
3 0.356944 2.929630 0.252778 0.372840
3 0.432639 3.056790 0.295833 0.395062
3 3.550000 1.662963 0.272222 0.372840
3 3.953472 1.951852 0.287500 0.387654
3 3.978472 1.653086 0.298611 0.367901
3 4.319444 1.979012 0.338889 0.417284
3 5.256944 3.855556 0.152778 0.451852
3 5.262500 4.351852 0.141667 0.491358
3 5.132639 4.771605 0.401389 0.792593
3 3.334028 4.300000 0.590278 0.733333
3 4.086806 2.932099 0.315278 0.422222
3 3.788194 2.579012 0.345833 0.456790
3 3.039583 3.380247 0.256944 0.464198
3 2.679167 2.867901 0.544444 0.827160
3 1.631250 1.786420 0.237500 0.333333
3 0.445833 2.100000 0.269444 0.407407
3 0.995833 2.265432 0.222222 0.353086
3 1.176389 2.460494 0.280556 0.456790
3 0.852778 2.660494 0.291667 0.402469