3 0.111806 0.533333 0.223611 0.241975
0 0.332639 0.146914 0.176389 0.229630
0 0.116667 0.745679 0.233333 0.340741
3 0.331250 0.351852 0.181944 0.239506
3 0.379167 0.527160 0.200000 0.313580
3 0.266667 0.849383 0.258333 0.301235
3 0.484028 0.182716 0.143056 0.187654
3 0.531250 0.067901 0.134722 0.135802
3 0.662500 0.295062 0.205556 0.283951
3 0.729167 0.530864 0.363889 0.296296
0 0.646528 0.101235 0.165278 0.202469
0 0.780556 0.167901 0.188889 0.335802
0 0.815972 0.741975 0.212500 0.348148
0 0.644444 0.749383 0.202778 0.343210
0 0.736806 0.935802 0.309722 0.128395