0 0.265972 0.593827 0.065278 0.111111
0 0.034028 0.083951 0.051389 0.069136
0 0.071528 0.207407 0.054167 0.098765
1 0.767361 0.811111 0.109722 0.249383
1 0.709028 0.553086 0.076389 0.093827
1 0.354167 0.355556 0.066667 0.143210
2 0.216667 0.419753 0.069444 0.083951
2 0.184722 0.483951 0.066667 0.093827
2 0.717361 0.798765 0.070833 0.135802
2 0.826389 0.775309 0.086111 0.143210
2 0.838889 0.924691 0.069444 0.111111
2 0.846528 0.472840 0.043056 0.076543
2 0.967361 0.367901 0.059722 0.088889
2 0.062500 0.641975 0.052778 0.079012
2 0.046528 0.324691 0.045833 0.061728