2 0.968056 2.776543 0.311111 0.372840
2 2.646528 0.411111 0.431944 0.713580
2 2.039583 0.981481 0.284722 0.427160
2 2.025000 1.949383 0.308333 0.441975
2 2.257639 2.162963 0.284722 0.666667
2 2.595139 2.324691 0.526389 0.886420
2 3.644444 0.387654 0.513889 0.745679
2 3.814583 1.312346 0.540278 0.886420
2 4.373611 0.895062 0.772222 0.881481
2 3.620139 3.003704 0.509722 0.772840
2 3.957639 3.613580 0.501389 0.980247
3 3.670139 4.181481 0.393056 0.580247
3 1.461806 3.762963 0.359722 0.320988
2 1.741667 4.140741 0.333333 0.592593