3 3.558333 0.974074 0.163889 0.214815
2 2.175000 2.129630 0.183333 0.362963
3 4.608333 4.419753 0.238889 0.370370
1 4.210417 0.066667 0.201389 0.133333
0 2.405556 3.417284 0.150000 0.320988
0 2.245833 3.367901 0.125000 0.246914
0 2.276389 3.127160 0.125000 0.264198
0 2.225000 2.787654 0.166667 0.320988
0 2.058333 2.908642 0.127778 0.246914
0 2.018750 3.196296 0.145833 0.283951
0 2.053472 3.462963 0.118056 0.254321
0 1.945139 3.628395 0.129167 0.254321
0 1.795139 3.466667 0.126389 0.197531
0 1.729861 3.324691 0.112500 0.209877
0 1.859028 3.158025 0.115278 0.217284
0 1.895139 2.920988 0.112500 0.222222
0 1.765972 2.765432 0.087500 0.227160
0 1.929861 2.483951 0.131944 0.241975
0 1.843750 2.386420 0.131944 0.239506
0 1.626389 2.404938 0.097222 0.202469
0 1.669444 2.564198 0.122222 0.254321
0 1.609722 2.811111 0.111111 0.259259
0 1.652778 3.030864 0.150000 0.234568
0 1.721528 3.682716 0.134722 0.229630
0 1.602778 3.446914 0.111111 0.271605
0 2.552083 2.818519 0.187500 0.333333
0 2.837500 3.074074 0.194444 0.345679
0 2.679861 2.486420 0.118056 0.246914
0 2.825694 2.377778 0.190278 0.355556
0 2.567361 2.191358 0.170833 0.362963
0 2.761806 1.945679 0.215278 0.400000
0 3.080556 2.466667 0.211111 0.449383
0 3.183333 2.206173 0.225000 0.407407
0 3.634028 1.802469 0.265278 0.429630
2 2.084028 4.530864 0.276389 0.577778
2 2.485417 4.224691 0.362500 1.214815
3 2.043056 4.092593 0.125000 0.204938
2 3.227778 4.029630 0.136111 0.246914
2 3.035417 3.876543 0.106944 0.197531
2 3.581250 4.148148 0.290278 0.400000
1 3.658333 2.349383 0.300000 0.412346
1 3.269444 1.241975 0.244444 0.449383
1 4.117361 0.964198 0.104167 0.209877
1 4.461806 0.780247 0.173611 0.320988