2 3.152778 0.369136 0.177778 0.244444
2 0.430556 4.846914 0.330556 0.577778
2 2.695139 5.049383 0.470833 0.567901
2 3.915278 1.701235 0.305556 0.355556
2 3.378472 1.319753 0.276389 0.343210
2 3.267361 1.476543 0.331944 0.469136
2 1.236111 2.674074 0.177778 0.395062
0 1.422917 2.356790 0.223611 0.362963
0 1.836111 1.620988 0.177778 0.303704
0 1.811111 1.444444 0.188889 0.296296
0 1.629861 0.749383 0.170833 0.244444
0 2.301389 0.619753 0.147222 0.207407
0 3.111806 2.144444 0.470833 0.762963
0 2.455556 3.608642 0.477778 0.876543
0 3.136111 3.628395 0.563889 1.088889