3 4.222917 3.639506 0.287500 0.296296
3 3.295139 1.465432 0.420833 0.520988
3 3.368750 1.912346 0.204167 0.239506
3 3.209722 1.802469 0.166667 0.227160
3 2.815278 1.632099 0.308333 0.375309
3 2.957639 1.904938 0.298611 0.402469
3 3.513889 1.098765 0.408333 0.429630
3 2.854861 0.635802 0.245833 0.333333
3 2.343750 1.817284 0.268056 0.325926
3 3.438194 4.001235 0.698611 1.138272
3 2.343750 3.195062 0.415278 0.711111
3 1.131944 1.834568 0.361111 0.483951
1 5.127778 1.150617 0.411111 0.651852
3 1.402778 0.335802 0.161111 0.222222