0 0.029861 0.218519 0.059722 0.120988
0 0.513889 0.929630 0.102778 0.140741
0 0.718056 0.938272 0.077778 0.108642
0 0.546528 0.650617 0.045833 0.120988
0 0.541667 0.497531 0.041667 0.116049
0 0.479861 0.064198 0.065278 0.118519
0 0.581944 0.079012 0.036111 0.088889
0 0.632639 0.225926 0.037500 0.111111
0 0.875000 0.235802 0.047222 0.081481
1 0.788889 0.471605 0.097222 0.148148
1 0.871528 0.628395 0.062500 0.120988
1 0.456250 0.708642 0.059722 0.138272
2 0.552083 0.069136 0.037500 0.083951
2 0.896528 0.845679 0.059722 0.120988
2 0.756250 0.808642 0.062500 0.106173
2 0.072222 0.906173 0.075000 0.108642