3 1.845139 1.608642 0.204167 0.259259
3 0.552778 2.069136 0.236111 0.271605
3 0.763194 2.506173 0.229167 0.301235
3 0.868056 3.038272 0.266667 0.362963
3 0.212500 2.481481 0.325000 0.316049
3 0.202083 3.939506 0.331944 0.432099
3 1.338889 3.208642 0.266667 0.387654
3 1.614583 3.279012 0.293056 0.404938
3 1.732639 2.664198 0.187500 0.325926
3 2.093056 2.680247 0.280556 0.432099
3 2.304167 2.324691 0.297222 0.308642
3 2.329861 3.362963 0.306944 0.375309
3 2.746528 2.870370 0.245833 0.407407
3 2.254861 3.011111 0.231944 0.358025
3 2.636806 2.086420 0.204167 0.355556
3 2.245833 2.009877 0.241667 0.291358
3 3.047917 1.709877 0.215278 0.229630
3 3.068056 2.216049 0.194444 0.283951
3 2.352778 4.061728 0.250000 0.577778
3 2.593750 4.196296 0.373611 0.540741
3 3.127083 4.170370 0.345833 0.582716
3 2.230556 5.055556 0.322222 0.555556
3 4.442361 2.967901 0.348611 0.419753