0 0.548611 0.137037 0.033333 0.056790
0 0.295139 0.346914 0.029167 0.046914
0 0.128472 0.908642 0.073611 0.093827
0 0.206250 0.804938 0.048611 0.088889
0 0.406250 0.702469 0.045833 0.076543
0 0.434722 0.561728 0.041667 0.061728
0 0.286806 0.534568 0.037500 0.056790
0 0.411806 0.327160 0.037500 0.056790
0 0.681944 0.592593 0.033333 0.088889
0 0.711806 0.576543 0.029167 0.056790
0 0.111806 0.522222 0.045833 0.046914
0 0.231250 0.611111 0.029167 0.041975
0 0.370833 0.281481 0.025000 0.044444
2 0.081944 0.643210 0.033333 0.037037
2 0.144444 0.670370 0.044444 0.061728