2 0.049306 0.514815 0.068056 0.130864
2 0.867361 0.733333 0.081944 0.128395
2 0.775694 0.877778 0.079167 0.145679
0 0.495139 0.403704 0.048611 0.076543
0 0.536111 0.333333 0.052778 0.103704
0 0.484028 0.211111 0.048611 0.096296
0 0.519444 0.035802 0.041667 0.071605
0 0.838889 0.051852 0.061111 0.093827
0 0.929861 0.325926 0.059722 0.093827
0 0.214583 0.892593 0.076389 0.135802
0 0.247222 0.645679 0.072222 0.116049
0 0.499306 0.638272 0.056944 0.091358
0 0.497222 0.724691 0.061111 0.096296
0 0.615972 0.801235 0.056944 0.106173
3 0.327778 0.712346 0.036111 0.041975