3 0.339583 0.150617 0.031944 0.034568
3 0.252083 0.196296 0.031944 0.046914
3 0.371528 0.274074 0.034722 0.054321
3 0.300694 0.329630 0.031944 0.041975
3 0.681944 0.718519 0.025000 0.039506
0 0.445139 0.388889 0.051389 0.116049
0 0.527083 0.485185 0.043056 0.071605
0 0.484028 0.540741 0.037500 0.133333
0 0.138889 0.798765 0.086111 0.106173
0 0.150694 0.688889 0.112500 0.103704
0 0.345139 0.902469 0.068056 0.081481
0 0.399306 0.760494 0.051389 0.074074
0 0.431250 0.574074 0.040278 0.081481
0 0.458333 0.458025 0.044444 0.076543
0 0.491667 0.408642 0.036111 0.066667
0 0.618750 0.356790 0.048611 0.076543
0 0.656944 0.464198 0.066667 0.103704
0 0.625000 0.700000 0.063889 0.096296
0 0.754167 0.895062 0.088889 0.111111