3 0.698611 3.744444 0.244444 0.343210
2 2.031944 0.237037 0.297222 0.306173
3 2.446528 4.690123 0.790278 1.222222
3 2.466667 3.648148 0.338889 0.683951
3 2.658333 3.861728 0.255556 0.380247
3 3.867361 4.679012 0.468056 0.824691
3 4.236111 2.683951 0.891667 1.313580
3 3.655556 2.262963 0.697222 0.792593
3 1.218750 2.643210 0.234722 0.501235
3 1.428472 3.258025 0.251389 0.471605
3 1.629167 1.167901 0.200000 0.360494
3 3.180556 1.077778 0.241667 0.491358
3 3.265972 1.260494 0.279167 0.496296
3 3.356250 0.300000 0.390278 0.367901