1 2.163889 2.314815 0.172222 0.362963
0 2.538889 2.011111 0.186111 0.229630
0 2.316667 1.476543 0.100000 0.167901
0 2.388194 1.432099 0.098611 0.133333
0 2.435417 1.051852 0.076389 0.172840
0 1.954861 1.708642 0.081944 0.133333
0 2.590972 0.537037 0.106944 0.111111
0 2.332639 0.560494 0.065278 0.113580
0 2.490278 0.662963 0.058333 0.096296
0 1.884028 1.360494 0.068056 0.118519
0 1.615278 1.375309 0.058333 0.113580
0 1.281250 1.695062 0.073611 0.106173
0 1.183333 2.109877 0.091667 0.150617
0 1.327083 2.371605 0.065278 0.135802
2 2.050694 2.120988 0.140278 0.162963