0 0.372222 0.607407 0.072222 0.128395
0 0.449306 0.620988 0.062500 0.120988
0 0.484722 0.565432 0.083333 0.123457
0 0.551389 0.481481 0.061111 0.103704
0 0.586806 0.440741 0.076389 0.130864
0 0.640278 0.543210 0.055556 0.103704
0 0.676389 0.591358 0.066667 0.086420
0 0.722222 0.690123 0.094444 0.145679
0 0.752083 0.818519 0.095833 0.150617
0 0.804861 0.954321 0.070833 0.091358
0 0.663194 0.944444 0.115278 0.106173
0 0.550000 0.964198 0.091667 0.071605
0 0.427083 0.886420 0.129167 0.197531
2 0.454861 0.739506 0.084722 0.086420
2 0.611806 0.819753 0.087500 0.128395
2 0.664583 0.676543 0.056944 0.088889