0 1.840972 0.722222 0.095833 0.140741
0 2.247917 1.143210 0.090278 0.123457
0 1.911111 0.964198 0.086111 0.150617
2 1.406250 0.934568 0.115278 0.111111
1 2.183333 1.533333 0.213889 0.202469
0 2.413889 1.260494 0.077778 0.140741
0 2.609028 1.506173 0.115278 0.202469
0 1.809722 1.016049 0.088889 0.155556
0 1.763194 1.422222 0.076389 0.123457
0 1.545139 1.374074 0.090278 0.185185
0 0.767361 2.359259 0.109722 0.160494
0 1.522917 2.534568 0.145833 0.170370
0 1.611111 2.398765 0.130556 0.204938
0 2.418056 2.102469 0.161111 0.219753
0 2.006250 2.314815 0.134722 0.219753
0 1.707639 2.580247 0.131944 0.172840
2 1.451389 1.924691 0.186111 0.279012
2 0.677083 1.556790 0.162500 0.150617