0 0.125694 0.143210 0.056944 0.074074
0 0.182639 0.317284 0.073611 0.125926
0 0.215972 0.255556 0.045833 0.076543
0 0.227778 0.077778 0.044444 0.061728
0 0.397222 0.106173 0.052778 0.079012
0 0.426389 0.061728 0.052778 0.079012
0 0.434028 0.164198 0.045833 0.071605
0 0.472222 0.206173 0.027778 0.061728
0 0.395833 0.358025 0.058333 0.118519
0 0.242361 0.471605 0.079167 0.123457
0 0.176389 0.562963 0.091667 0.143210
0 0.018750 0.496296 0.037500 0.103704
0 0.127083 0.058025 0.059722 0.091358
0 0.179861 0.023457 0.043056 0.046914
0 0.299306 0.481481 0.051389 0.113580
0 0.818750 0.276543 0.054167 0.108642
1 0.590278 0.425926 0.058333 0.071605
1 0.625000 0.922222 0.086111 0.091358
2 0.879167 0.100000 0.063889 0.061728