3 3.418750 0.212346 0.404167 0.325926
3 4.102083 1.623457 0.370833 0.506173
3 4.406944 1.018519 0.605556 0.713580
3 1.195139 1.800000 0.365278 0.607407
3 1.453472 1.391358 0.159722 0.298765
3 1.715972 1.238272 0.384722 0.422222
3 1.820833 0.406173 0.291667 0.353086
3 1.404861 0.119753 0.195833 0.209877
3 2.562500 0.775309 0.319444 0.291358
3 3.010417 1.518519 0.462500 0.498765
3 3.430556 3.514815 0.722222 1.049383
3 4.563194 0.561728 0.570833 0.525926
3 4.710417 1.562963 0.298611 0.311111
3 3.748611 1.293827 0.350000 0.464198