3 4.670833 4.882716 0.794444 0.901235
3 4.934028 0.262963 0.387500 0.525926
3 4.827778 1.782716 0.536111 0.701235
3 4.581944 0.219753 0.513889 0.439506
3 4.098611 0.598765 0.408333 0.372840
3 3.714583 1.950617 0.356944 0.528395
3 3.380556 1.062963 0.480556 0.372840
3 2.733333 0.617284 0.419444 0.424691
3 1.933333 1.028395 0.438889 0.565432
3 2.566667 2.708642 0.494444 0.632099
3 2.133333 2.512346 0.436111 0.639506
3 1.195833 3.354321 0.258333 0.367901
3 0.979861 1.362963 0.426389 0.528395
3 0.395833 2.503704 0.405556 0.572840