3 3.020833 0.182716 0.366667 0.365432
3 2.855556 1.106173 0.244444 0.498765
3 2.755556 0.943210 0.213889 0.503704
3 1.386806 1.065432 0.195833 0.367901
3 0.981250 2.501235 0.220833 0.429630
3 0.482639 3.481481 0.237500 0.424691
3 1.077778 3.093827 0.300000 0.602469
3 3.102778 2.040741 0.586111 0.708642
3 3.505556 2.380247 0.711111 1.200000
3 2.157639 3.506173 0.254167 0.350617
3 2.054861 3.351852 0.376389 0.609877
3 1.999306 4.223457 0.565278 1.088889
3 3.136806 4.151852 0.348611 0.713580
3 3.030556 4.938272 0.450000 0.790123
2 1.844444 0.135802 0.241667 0.271605