0 0.196528 0.211111 0.148611 0.264198
0 0.344444 0.112346 0.127778 0.180247
0 0.348611 0.290123 0.141667 0.224691
0 0.236806 0.402469 0.126389 0.246914
0 0.128472 0.391358 0.120833 0.185185
0 0.216667 0.651852 0.177778 0.320988
0 0.306250 0.867901 0.126389 0.244444
0 0.359722 0.502469 0.136111 0.249383
0 0.499306 0.733333 0.145833 0.281481
0 0.540278 0.539506 0.094444 0.195062
0 0.712500 0.846914 0.127778 0.261728
0 0.620833 0.406173 0.100000 0.175309
0 0.557639 0.261728 0.101389 0.143210
0 0.531250 0.376543 0.104167 0.155556
0 0.468056 0.260494 0.088889 0.175309
0 0.678472 0.341975 0.056944 0.135802
0 0.649306 0.232099 0.081944 0.123457
0 0.635417 0.116049 0.073611 0.128395
0 0.597222 0.049383 0.077778 0.093827