2 0.117361 0.419753 0.054167 0.059259
2 0.392361 0.713580 0.045833 0.074074
0 0.056250 0.150617 0.037500 0.049383
0 0.278472 0.254321 0.020833 0.029630
0 0.297917 0.291358 0.023611 0.034568
0 0.313194 0.338272 0.029167 0.039506
0 0.337500 0.423457 0.030556 0.061728
0 0.361111 0.560494 0.047222 0.088889
0 0.348611 0.651852 0.055556 0.088889
0 0.340278 0.817284 0.075000 0.133333
0 0.314583 0.683951 0.054167 0.093827
0 0.142361 0.837037 0.073611 0.108642
0 0.088889 0.727160 0.075000 0.091358
0 0.236806 0.575309 0.062500 0.098765
0 0.199306 0.260494 0.031944 0.046914
0 0.143750 0.290123 0.045833 0.061728