0 0.170139 0.359259 0.112500 0.170370
0 0.281944 0.787654 0.152778 0.237037
0 0.192361 0.035802 0.081944 0.071605
0 0.356944 0.130864 0.077778 0.118519
0 0.499306 0.096296 0.084722 0.128395
0 0.648611 0.069136 0.075000 0.133333
0 0.731944 0.159259 0.069444 0.125926
0 0.763194 0.353086 0.112500 0.212346
0 0.809722 0.586420 0.108333 0.185185
0 0.940278 0.645679 0.105556 0.155556
2 0.299306 0.295062 0.120833 0.200000
2 0.415278 0.813580 0.100000 0.180247
1 0.394444 0.609877 0.077778 0.192593
2 0.823611 0.774074 0.075000 0.155556