1 2.319444 4.279012 0.122222 0.197531
3 2.003472 4.003704 0.101389 0.185185
3 2.037500 4.300000 0.108333 0.155556
0 1.768056 2.959259 0.111111 0.234568
0 1.640278 3.218519 0.119444 0.239506
0 1.599306 2.985185 0.112500 0.217284
0 1.675000 2.765432 0.105556 0.266667
0 1.614583 2.591358 0.101389 0.200000
0 1.595833 3.612346 0.111111 0.222222
0 1.857639 2.564198 0.118056 0.279012
0 1.922917 2.655556 0.131944 0.239506
0 1.891667 3.114815 0.105556 0.204938
0 1.859028 3.353086 0.120833 0.276543
0 1.746528 3.550617 0.104167 0.246914
0 1.927778 3.808642 0.122222 0.259259
0 2.052778 3.640741 0.111111 0.229630
0 2.004861 3.428395 0.145833 0.283951
0 2.058333 3.111111 0.141667 0.271605
0 2.231944 2.970370 0.138889 0.296296
0 2.276389 3.285185 0.111111 0.254321
0 2.240972 3.585185 0.129167 0.301235
0 2.402778 3.585185 0.150000 0.325926
1 2.409028 3.102469 0.148611 0.288889
0 2.565278 2.988889 0.152778 0.308642
0 2.881250 3.301235 0.204167 0.380247
0 2.681250 2.653086 0.120833 0.283951
0 2.586806 2.362963 0.187500 0.375309
0 2.780556 2.117284 0.197222 0.387654
0 2.829167 2.564198 0.150000 0.338272
0 3.093750 2.665432 0.190278 0.441975
0 3.186806 2.375309 0.184722 0.400000
0 3.652778 1.995062 0.236111 0.449383
1 3.275694 1.451852 0.218056 0.424691
1 4.473611 0.991358 0.163889 0.288889
1 4.119444 1.185185 0.122222 0.197531
1 4.220833 0.212346 0.250000 0.197531
1 3.684028 2.523457 0.290278 0.320988
2 2.111806 4.802469 0.276389 0.656790
2 2.524306 4.498765 0.365278 1.274074
2 3.289583 4.282716 0.115278 0.279012
2 3.667361 4.425926 0.290278 0.407407
2 3.109028 4.132099 0.118056 0.209877
3 4.738194 4.717284 0.259722 0.362963
3 3.572222 1.176543 0.150000 0.180247
2 2.175694 2.309877 0.176389 0.367901