0 1.111111 0.327160 0.211111 0.441975
2 3.097917 2.977778 0.095833 0.241975
3 4.973611 4.027160 0.347222 0.479012
2 3.090278 3.530864 0.255556 0.454321
0 2.959722 4.269136 0.233333 0.434568
0 3.384722 4.986420 0.263889 0.422222
0 3.195833 4.637037 0.227778 0.513580
0 4.548611 1.548148 0.266667 0.518519
0 4.661111 3.613580 0.280556 0.491358
0 2.738194 0.128395 0.234722 0.256790
0 2.554861 2.239506 0.223611 0.454321
0 2.672917 2.651852 0.212500 0.375309
0 1.774306 2.622222 0.237500 0.434568
0 2.051389 1.008642 0.219444 0.486420
0 1.300000 2.532099 0.161111 0.318519
0 0.704167 2.609877 0.233333 0.395062