1 0.087891 0.136806 0.022656 0.024537
1 0.056120 0.049769 0.009115 0.028241
2 0.179297 0.132870 0.016406 0.039815
2 0.079297 0.172917 0.020052 0.029167
2 0.123568 0.152778 0.012760 0.024074
2 0.084245 0.036111 0.013281 0.027778
2 0.067578 0.125231 0.012240 0.020833
0 0.106641 0.108796 0.015885 0.025926
0 0.108854 0.075463 0.017708 0.026852
0 0.107943 0.040972 0.021094 0.033796
0 0.082161 0.112037 0.014323 0.027778
0 0.082292 0.070833 0.015625 0.027778
0 0.085417 0.006481 0.014583 0.012037
0 0.042839 0.094444 0.016406 0.022222
0 0.004687 0.111806 0.008854 0.018981