0 0.358333 0.145679 0.088889 0.113580
0 0.384722 0.344444 0.094444 0.165432
1 0.819444 0.245679 0.077778 0.106173
1 0.743056 0.356790 0.094444 0.091358
1 0.506250 0.914815 0.156944 0.125926
1 0.842361 0.849383 0.084722 0.167901
1 0.580556 0.437037 0.044444 0.202469
2 0.693056 0.524691 0.075000 0.096296
2 0.752083 0.480247 0.079167 0.096296
2 0.903472 0.423457 0.081944 0.130864
2 0.856250 0.334568 0.059722 0.076543
2 0.154167 0.046914 0.047222 0.069136
2 0.455556 0.143210 0.041667 0.059259
2 0.612500 0.212346 0.050000 0.069136