0 0.130556 0.138272 0.050000 0.074074
0 0.425000 0.079012 0.077778 0.113580
0 0.291667 0.508642 0.075000 0.133333
0 0.538194 0.490123 0.095833 0.150617
0 0.950694 0.053086 0.045833 0.091358
0 0.921528 0.119753 0.043056 0.091358
0 0.886806 0.195062 0.054167 0.123457
0 0.943750 0.454321 0.054167 0.088889
0 0.404167 0.285185 0.036111 0.081481
2 0.341667 0.193827 0.052778 0.086420
2 0.490278 0.220988 0.066667 0.101235
2 0.631944 0.251852 0.088889 0.128395
2 0.531944 0.845679 0.072222 0.086420
2 0.777778 0.886420 0.083333 0.113580
2 0.534028 0.945679 0.093056 0.108642
2 0.118056 0.911111 0.077778 0.113580
2 0.210417 0.583951 0.045833 0.086420
2 0.150694 0.677778 0.065278 0.086420
2 0.229167 0.722222 0.055556 0.066667