0 0.523611 0.228395 0.069444 0.116049
0 0.355556 0.151852 0.066667 0.096296
0 0.243056 0.076543 0.075000 0.153086
0 0.144444 0.280247 0.141667 0.204938
0 0.105556 0.675309 0.169444 0.249383
0 0.240972 0.925926 0.123611 0.148148
1 0.384028 0.938272 0.098611 0.123457
1 0.733333 0.795062 0.150000 0.192593
1 0.620139 0.479012 0.054167 0.133333
1 0.693056 0.443210 0.083333 0.111111
1 0.786806 0.560494 0.051389 0.143210
1 0.952778 0.483951 0.083333 0.153086
1 0.713889 0.270370 0.075000 0.091358
1 0.625000 0.183951 0.066667 0.071605
2 0.175000 0.422222 0.125000 0.083951
2 0.471528 0.487654 0.095833 0.116049
2 0.878472 0.444444 0.065278 0.098765
2 0.262500 0.306173 0.075000 0.083951