2 0.868620 0.613889 0.064323 0.101852
2 0.692187 0.243750 0.053646 0.067130
2 0.232292 0.612269 0.027604 0.068056
2 0.336849 0.255556 0.036719 0.045370
0 0.670052 0.196296 0.041667 0.049074
0 0.582422 0.804167 0.038281 0.059259
0 0.547656 0.427546 0.034896 0.046759
0 0.779557 0.390741 0.034115 0.040741
0 0.772135 0.597917 0.031771 0.081944
0 0.966667 0.650231 0.049479 0.104167
0 0.830859 0.731713 0.053906 0.081944
0 0.583854 0.870602 0.025521 0.054167
0 0.361068 0.078009 0.040365 0.068056
0 0.294010 0.352083 0.035417 0.040278