0 0.181944 0.269136 0.066667 0.113580
0 0.071528 0.276543 0.043056 0.113580
0 0.793056 0.667901 0.094444 0.175309
0 0.965278 0.733333 0.069444 0.212346
0 0.715278 0.201235 0.055556 0.116049
0 0.974306 0.334568 0.051389 0.120988
0 0.329167 0.579012 0.061111 0.120988
0 0.336806 0.766667 0.062500 0.140741
0 0.389583 0.913580 0.070833 0.148148
0 0.407639 0.676543 0.045833 0.108642
0 0.610417 0.530864 0.040278 0.098765
0 0.694444 0.375309 0.052778 0.118519
0 0.812500 0.251852 0.047222 0.103704
0 0.862500 0.454321 0.058333 0.123457
2 0.474306 0.787654 0.076389 0.128395
2 0.483333 0.051852 0.063889 0.093827
2 0.323611 0.150617 0.058333 0.083951
2 0.525694 0.358025 0.054167 0.088889
2 0.127778 0.243210 0.063889 0.091358