0 0.334722 0.341975 0.077778 0.155556
0 0.236806 0.171605 0.051389 0.096296
0 0.429861 0.155556 0.043056 0.093827
0 0.453472 0.419753 0.056944 0.098765
0 0.577083 0.566667 0.056944 0.116049
0 0.430556 0.920988 0.061111 0.133333
0 0.472222 0.670370 0.058333 0.135802
0 0.489583 0.344444 0.031944 0.081481
0 0.295139 0.537037 0.079167 0.130864
0 0.124306 0.758025 0.068056 0.123457
0 0.599306 0.414815 0.034722 0.074074
1 0.821528 0.870370 0.076389 0.061728
2 0.612500 0.641975 0.052778 0.098765
2 0.929167 0.707407 0.072222 0.091358
2 0.834028 0.659259 0.048611 0.083951