0 0.391797 0.588426 0.046615 0.090741
0 0.607422 0.489583 0.048698 0.088426
0 0.266016 0.594676 0.040365 0.060648
0 0.638411 0.029167 0.048698 0.055556
0 0.307292 0.144444 0.042708 0.073148
0 0.812630 0.692824 0.048177 0.064352
0 0.832943 0.925000 0.062240 0.127778
0 0.716536 0.892361 0.060156 0.093056
0 0.314974 0.253009 0.052344 0.075463
0 0.697135 0.128009 0.046875 0.088426
0 0.555990 0.170602 0.057292 0.107870
2 0.706250 0.700463 0.035417 0.059259
2 0.629557 0.742824 0.029948 0.086574
2 0.421745 0.358102 0.040365 0.050463
2 0.479036 0.441435 0.040885 0.086574
2 0.227083 0.962500 0.051042 0.073148