0 0.035286 0.721528 0.048698 0.096759
0 0.082552 0.709028 0.055729 0.106944
0 0.102474 0.652778 0.060677 0.101852
2 0.785807 0.372685 0.050781 0.071296
0 0.963932 0.928241 0.072135 0.134259
0 0.396745 0.661574 0.124219 0.201852
0 0.732292 0.338889 0.051042 0.084259
2 0.400260 0.258102 0.073438 0.060648
2 0.490625 0.137963 0.051562 0.090741
2 0.516016 0.355556 0.076823 0.080556
2 0.738411 0.641667 0.048698 0.104630
2 0.763281 0.782870 0.081771 0.124074
2 0.189453 0.128704 0.054427 0.081481
0 0.848437 0.244213 0.057813 0.063426
0 0.666536 0.305787 0.041927 0.060648
0 0.245703 0.361343 0.064323 0.099537