3 0.748828 0.437037 0.036198 0.080556
3 0.673958 0.382639 0.036979 0.051389
0 0.093750 0.532870 0.044792 0.066667
0 0.449870 0.657176 0.040365 0.065278
0 0.360417 0.627315 0.034896 0.052778
0 0.535677 0.457639 0.043229 0.061574
0 0.517708 0.612269 0.046875 0.050463
0 0.499349 0.446296 0.020052 0.049074
0 0.594792 0.345139 0.054688 0.086574
2 0.628906 0.672917 0.027083 0.061574
2 0.668750 0.886806 0.047396 0.056944
2 0.836458 0.280093 0.049479 0.116667
3 0.578255 0.632870 0.028385 0.079630
2 0.288281 0.567130 0.039583 0.070370
0 0.673698 0.167361 0.037500 0.064352
0 0.472266 0.077315 0.040365 0.066667