2 0.075130 0.124306 0.007552 0.011574
0 0.017318 0.177083 0.012240 0.020833
0 0.180990 0.121065 0.013021 0.019907
0 0.143750 0.122454 0.009896 0.017130
0 0.142708 0.091435 0.009375 0.012500
0 0.125651 0.120602 0.008073 0.013426
0 0.127604 0.104630 0.007812 0.012037
0 0.139844 0.105556 0.007812 0.012037
2 0.143620 0.135185 0.009115 0.014815
2 0.156641 0.157639 0.012760 0.018981
0 0.016406 0.110880 0.011458 0.012500
2 0.159245 0.110185 0.010677 0.012037
0 0.125130 0.037269 0.007031 0.010648
0 0.162760 0.051389 0.007292 0.012963