2 0.591146 0.069213 0.033333 0.045833
2 0.080729 0.908796 0.061979 0.108333
2 0.505339 0.946759 0.088281 0.106481
2 0.734115 0.318981 0.057292 0.066667
2 0.633464 0.247454 0.051823 0.064352
2 0.612630 0.276852 0.062240 0.087963
2 0.231771 0.501389 0.033333 0.074074
0 0.266797 0.441898 0.041927 0.068056
0 0.344271 0.303935 0.033333 0.056944
0 0.339583 0.270833 0.035417 0.055556
0 0.305599 0.140509 0.032031 0.045833
0 0.431510 0.116204 0.027604 0.038889
0 0.583464 0.402083 0.088281 0.143056
0 0.460417 0.676620 0.089583 0.164352
0 0.588021 0.680324 0.105729 0.204167