3 0.406120 0.517824 0.032031 0.049537
3 0.323828 0.546528 0.026302 0.051389
2 0.269010 0.509028 0.048958 0.043981
0 0.078646 0.172685 0.028125 0.038889
0 0.088542 0.210185 0.034375 0.046296
0 0.142578 0.096528 0.026823 0.048611
0 0.168099 0.075926 0.022135 0.041667
0 0.192969 0.088657 0.021354 0.047685
0 0.274740 0.027546 0.021354 0.039352
0 0.245052 0.055324 0.023438 0.048611
0 0.323698 0.206481 0.029687 0.061111
0 0.366016 0.152778 0.029427 0.050000
0 0.397005 0.146759 0.026302 0.050000
0 0.385677 0.229167 0.034896 0.057407
0 0.282943 0.334259 0.030990 0.064815
0 0.444922 0.449769 0.062240 0.063426
0 0.282292 0.959722 0.078646 0.080556