0 0.133073 0.029167 0.011458 0.016667
2 0.174349 0.006019 0.021094 0.012037
2 0.116667 0.034491 0.016667 0.025463
2 0.083203 0.014815 0.009115 0.016667
0 0.063151 0.036574 0.004427 0.020370
0 0.070833 0.044907 0.009375 0.016667
0 0.105599 0.016667 0.011198 0.018519
0 0.176432 0.049769 0.022135 0.031019
2 0.116927 0.155556 0.005208 0.012963
0 0.096224 0.081019 0.012760 0.024074
0 0.121745 0.088889 0.014323 0.022222
0 0.105469 0.131944 0.011979 0.025000
0 0.124089 0.182407 0.012760 0.010185
0 0.110807 0.177778 0.013281 0.019444
2 0.144922 0.071759 0.013281 0.014815
2 0.162630 0.167824 0.030990 0.039352
2 0.063932 0.180787 0.015885 0.013426