0 0.208333 0.061343 0.039583 0.082870
2 0.580859 0.558333 0.017969 0.045370
3 0.932552 0.755093 0.065104 0.089815
2 0.579427 0.662037 0.047917 0.085185
0 0.554948 0.800463 0.043750 0.081481
0 0.634635 0.934954 0.049479 0.079167
0 0.599219 0.869444 0.042708 0.096296
0 0.852865 0.290278 0.050000 0.097222
0 0.873958 0.677546 0.052604 0.092130
0 0.513411 0.024074 0.044010 0.048148
0 0.479036 0.419907 0.041927 0.085185
0 0.501172 0.497222 0.039844 0.070370
0 0.332682 0.491667 0.044531 0.081481
0 0.384635 0.189120 0.041146 0.091204
0 0.243750 0.474769 0.030208 0.059722
0 0.132031 0.489352 0.043750 0.074074