0 0.712891 0.826852 0.040365 0.074074
0 0.549740 0.448380 0.027604 0.047685
0 0.586328 0.303704 0.026302 0.041667
0 0.569010 0.325694 0.025521 0.032870
0 0.496224 0.331944 0.027865 0.052778
0 0.532552 0.506481 0.029687 0.051852
0 0.383984 0.739352 0.025781 0.051852
0 0.344271 0.674769 0.029167 0.050463
0 0.306901 0.631019 0.020573 0.058333
0 0.247135 0.720370 0.021875 0.044444
0 0.202083 0.809722 0.031771 0.055556
0 0.192318 0.771759 0.026302 0.059259
0 0.775260 0.885648 0.067708 0.099074
0 0.531510 0.785417 0.039062 0.046759
0 0.390625 0.941898 0.057292 0.081944
0 0.385807 0.869213 0.041927 0.071759