2 0.334505 0.759722 0.040365 0.052778
3 0.472396 0.731019 0.027604 0.048148
3 0.395313 0.774769 0.029687 0.053241
0 0.477604 0.652315 0.056771 0.073148
0 0.255599 0.506944 0.033594 0.049074
0 0.273047 0.363426 0.026302 0.060185
0 0.335677 0.275694 0.030208 0.060648
0 0.307682 0.296296 0.035677 0.056481
0 0.013021 0.430093 0.026042 0.057407
0 0.048698 0.281019 0.028125 0.045370
0 0.071875 0.244213 0.025521 0.034722
0 0.106120 0.255556 0.028906 0.045370
0 0.159375 0.196296 0.026042 0.037963
0 0.180729 0.158102 0.029687 0.039352