0 0.897656 0.536574 0.055208 0.059259
0 0.837891 0.819213 0.048177 0.071759
0 0.680599 0.969907 0.046094 0.060185
0 0.778125 0.632870 0.036979 0.056481
0 0.833724 0.734954 0.032552 0.068056
0 0.793620 0.723611 0.038281 0.073148
0 0.706641 0.663426 0.034635 0.065741
0 0.544792 0.265509 0.025000 0.035648
0 0.529687 0.300694 0.027083 0.043056
0 0.437891 0.510880 0.027865 0.045833
0 0.444922 0.545139 0.027865 0.046759
0 0.408724 0.608333 0.032552 0.055556
0 0.346354 0.693981 0.025000 0.059259
0 0.313672 0.657407 0.034115 0.062963
0 0.281901 0.726157 0.038281 0.060648
0 0.213411 0.956713 0.034635 0.071759