2 0.098177 0.056250 0.015625 0.031019
0 0.007943 0.072917 0.014844 0.029167
0 0.062370 0.046296 0.014844 0.024074
0 0.067708 0.081944 0.017188 0.029630
0 0.011458 0.157176 0.022396 0.041204
0 0.054167 0.170602 0.020833 0.033796
0 0.079167 0.154167 0.016667 0.027778
0 0.097005 0.080787 0.016927 0.028241
0 0.111458 0.115046 0.017188 0.028241
0 0.139193 0.109491 0.017969 0.027315
0 0.132161 0.146759 0.017448 0.032407
0 0.111198 0.087269 0.013021 0.025463
0 0.121875 0.062269 0.013021 0.020833
0 0.136458 0.070833 0.015625 0.023148
0 0.138932 0.017361 0.015365 0.025463
0 0.058854 0.029398 0.011458 0.011574
0 0.067708 0.025000 0.009896 0.018519
0 0.077865 0.029861 0.014063 0.011574
1 0.085807 0.095370 0.012240 0.050000
1 0.113021 0.150000 0.029687 0.047222
1 0.171484 0.036574 0.025781 0.018519