0 0.973437 0.071065 0.053125 0.142130
0 0.144141 0.388889 0.048177 0.069444
0 0.280599 0.209491 0.042448 0.057870
0 0.554688 0.069907 0.030729 0.056481
0 0.706380 0.228241 0.058073 0.087963
0 0.760417 0.386343 0.077604 0.124537
0 0.801302 0.503241 0.084896 0.120370
0 0.231380 0.886806 0.034115 0.054167
0 0.360807 0.954398 0.040885 0.071759
0 0.499089 0.798148 0.040365 0.066667
0 0.669401 0.584722 0.044531 0.085185
0 0.709766 0.866667 0.070573 0.126852
0 0.860026 0.808565 0.084115 0.132870
0 0.882943 0.968056 0.082031 0.063889
0 0.847005 0.541667 0.062240 0.094444