0 0.541927 0.543519 0.023438 0.030556
0 0.176042 0.911111 0.025000 0.045370
0 0.834766 0.689583 0.038802 0.050463
0 0.909766 0.448380 0.029948 0.047685
0 0.852474 0.462037 0.026302 0.037963
0 0.786458 0.509722 0.035417 0.045370
0 0.670703 0.673380 0.030469 0.050463
0 0.613802 0.654630 0.029167 0.052778
0 0.524089 0.531944 0.020052 0.030556
0 0.526563 0.628472 0.029167 0.050463
0 0.463151 0.560185 0.020573 0.044444
0 0.452214 0.913194 0.035677 0.064352
0 0.260156 0.961806 0.032813 0.043981
0 0.260807 0.894907 0.032552 0.045370