2 0.824219 0.624537 0.021354 0.080556
2 0.617318 0.036343 0.025781 0.065278
2 0.494661 0.422917 0.035156 0.053241
2 0.172005 0.685880 0.046615 0.064352
0 0.199089 0.637037 0.051823 0.083333
0 0.131510 0.739352 0.034896 0.062963
0 0.535417 0.271065 0.030208 0.054167
0 0.331641 0.800926 0.036198 0.067593
0 0.408594 0.755787 0.043750 0.079167
0 0.554297 0.717361 0.036198 0.052315
0 0.576823 0.571065 0.053125 0.090278
0 0.612370 0.505093 0.051302 0.075000
0 0.613411 0.421528 0.043490 0.070833
0 0.537891 0.372222 0.042448 0.073148
0 0.367318 0.232176 0.029427 0.056944
0 0.232161 0.235880 0.029427 0.042130
0 0.146745 0.463426 0.029948 0.054630
0 0.100391 0.544676 0.036198 0.050463
0 0.034766 0.564120 0.038802 0.052315