2 0.363542 0.814352 0.049479 0.094444
2 0.406250 0.109722 0.045833 0.066667
0 0.532813 0.387037 0.041667 0.062963
0 0.524740 0.529630 0.043750 0.080556
0 0.599349 0.694213 0.053906 0.093981
0 0.530859 0.053704 0.054427 0.094444
0 0.364323 0.722917 0.046875 0.081944
0 0.382943 0.893056 0.046094 0.099074
0 0.304557 0.887500 0.052344 0.102778
0 0.216146 0.939352 0.047396 0.094444
0 0.188411 0.816204 0.050781 0.083333
0 0.173958 0.262500 0.041667 0.074074
0 0.086719 0.496991 0.043229 0.062500
0 0.402604 0.029630 0.037500 0.059259
3 0.270443 0.151620 0.040365 0.043056