2 0.227734 0.969907 0.044010 0.060185
2 0.204297 0.844907 0.050260 0.055556
2 0.163151 0.871065 0.040885 0.063426
2 0.174219 0.947917 0.035417 0.046759
0 0.640234 0.546528 0.022656 0.042130
0 0.602214 0.587269 0.028385 0.053241
0 0.526432 0.589815 0.030469 0.055556
0 0.549870 0.504630 0.026302 0.050926
0 0.483333 0.460185 0.021354 0.044444
0 0.465365 0.571991 0.027604 0.043056
0 0.430729 0.515278 0.023438 0.041667
0 0.242969 0.659722 0.023438 0.045370
0 0.131771 0.635417 0.027604 0.036574
0 0.153125 0.979167 0.035417 0.041667