0 0.324609 0.748380 0.047656 0.064352
2 0.696615 0.612963 0.069271 0.074074
0 0.856641 0.833333 0.091927 0.160185
0 0.785807 0.852083 0.075781 0.129167
0 0.691797 0.752778 0.069010 0.089815
0 0.179297 0.733796 0.051302 0.085185
0 0.390104 0.573611 0.042188 0.080556
0 0.545964 0.210185 0.039323 0.073148
0 0.504687 0.234722 0.040104 0.075000
0 0.541016 0.373611 0.047135 0.087037
0 0.448698 0.325000 0.040625 0.072222
0 0.380990 0.069676 0.027604 0.043981
0 0.358333 0.105787 0.027604 0.045833
0 0.260156 0.163889 0.027083 0.037037
0 0.230990 0.193519 0.028125 0.042593
0 0.153906 0.316204 0.031771 0.052778
0 0.161719 0.365509 0.034375 0.051389
0 0.052865 0.519907 0.034375 0.054630