0 0.713281 0.963657 0.055208 0.072685
0 0.899740 0.604861 0.031250 0.050463
0 0.976172 0.445602 0.027865 0.050463
0 0.913542 0.435185 0.023438 0.049074
0 0.908984 0.323611 0.026823 0.059259
0 0.870964 0.192361 0.025781 0.054167
0 0.838932 0.272685 0.027865 0.059259
0 0.729557 0.559028 0.026823 0.056944
0 0.515234 0.708565 0.022135 0.050463
0 0.658724 0.658565 0.030469 0.057870
0 0.704948 0.104398 0.027083 0.057870
0 0.741146 0.341435 0.030729 0.054167
0 0.539583 0.300000 0.031250 0.051852
0 0.583594 0.563426 0.029167 0.052778
0 0.501172 0.589120 0.030469 0.061574
0 0.180599 0.458333 0.029948 0.052778
0 0.190495 0.749769 0.034115 0.050463
0 0.326562 0.814120 0.023438 0.054167
0 0.314453 0.592824 0.028385 0.051389
0 0.239323 0.722917 0.029167 0.033796
0 0.394922 0.421991 0.020573 0.035648
0 0.233464 0.137500 0.032552 0.062037
0 0.308724 0.097454 0.024219 0.056944
0 0.272135 0.074074 0.031250 0.062963
0 0.038802 0.607870 0.034896 0.056481
0 0.007031 0.464120 0.014063 0.046759
0 0.039583 0.436574 0.033333 0.041667