0 0.822526 0.821065 0.024219 0.057870
0 0.822135 0.747917 0.027604 0.056944
0 0.660547 0.240741 0.028385 0.062963
0 0.626432 0.050926 0.028906 0.051852
0 0.558984 0.134259 0.040365 0.073148
0 0.393880 0.152546 0.025781 0.046759
0 0.597917 0.337731 0.036979 0.039352
0 0.626042 0.383333 0.031250 0.055556
0 0.553646 0.537037 0.029687 0.065741
0 0.402604 0.888889 0.034896 0.080556
0 0.324870 0.394676 0.044010 0.075463
0 0.131771 0.311806 0.045833 0.060648
0 0.213802 0.482639 0.045312 0.086574
0 0.010807 0.455787 0.021615 0.065278
0 0.026172 0.314583 0.037760 0.068056