3 0.639062 0.705324 0.029167 0.061574
2 0.324609 0.707870 0.034635 0.059259
2 0.621224 0.927315 0.036719 0.073148
2 0.279167 0.326157 0.045312 0.046759
0 0.352995 0.712731 0.032552 0.054167
0 0.290755 0.700463 0.046094 0.059259
0 0.604297 0.563426 0.039844 0.058333
0 0.502865 0.444676 0.031250 0.057870
0 0.380208 0.517130 0.037500 0.058333
0 0.331510 0.531019 0.029167 0.048148
0 0.273568 0.545833 0.038281 0.062963
0 0.292448 0.492130 0.035417 0.048148
0 0.162240 0.534028 0.035417 0.056944
0 0.457813 0.063426 0.031250 0.059259