0 0.266667 0.344907 0.038542 0.055556
0 0.575521 0.414815 0.045833 0.074074
0 0.614323 0.376852 0.038021 0.074074
0 0.461198 0.105556 0.027604 0.051852
0 0.252344 0.200231 0.028125 0.044907
0 0.207552 0.240741 0.030208 0.039815
0 0.157422 0.233333 0.029427 0.043519
0 0.031120 0.331713 0.032552 0.050463
0 0.209635 0.400231 0.039062 0.057870
0 0.348568 0.523148 0.022656 0.048148
0 0.253906 0.630556 0.031250 0.053704
0 0.035417 0.757176 0.040104 0.053241
2 0.787500 0.597917 0.027083 0.072685
2 0.532292 0.281250 0.027604 0.044907
2 0.236849 0.376620 0.032552 0.051389