2 0.943229 0.200926 0.047396 0.070370
2 0.205339 0.344444 0.056510 0.075000
2 0.790365 0.328704 0.052604 0.075926
2 0.832682 0.522685 0.048177 0.064815
2 0.777604 0.172222 0.047396 0.063889
2 0.842969 0.235880 0.052083 0.071759
3 0.815625 0.914583 0.056250 0.101389
3 0.638542 0.921296 0.039062 0.075000
3 0.802995 0.789352 0.049219 0.084259
3 0.941927 0.495602 0.042188 0.058796
3 0.616927 0.393519 0.029167 0.045370
1 0.679818 0.573611 0.073698 0.068519
3 0.413932 0.647454 0.032552 0.048611
3 0.756771 0.683565 0.042188 0.063426