0 0.900651 0.258102 0.064844 0.095833
0 0.914583 0.626389 0.081771 0.120370
0 0.533854 0.773380 0.038021 0.085648
0 0.551562 0.535417 0.034375 0.053241
0 0.667969 0.417130 0.045833 0.074074
0 0.627604 0.442593 0.029687 0.062037
0 0.869141 0.079398 0.037760 0.058796
0 0.672917 0.113657 0.021354 0.035648
0 0.664062 0.141667 0.020833 0.037963
0 0.637240 0.187731 0.024479 0.043981
0 0.544141 0.277546 0.021094 0.045833
0 0.473698 0.404861 0.019792 0.032870
0 0.466667 0.754167 0.032292 0.056481
0 0.460807 0.450694 0.018490 0.039352