0 0.637630 0.281250 0.020573 0.043981
0 0.514193 0.303241 0.018490 0.052778
0 0.114714 0.497685 0.026302 0.037037
0 0.175781 0.514583 0.021354 0.043056
0 0.170443 0.450694 0.023698 0.040278
0 0.192578 0.447685 0.022656 0.029630
0 0.254818 0.505324 0.022135 0.039352
0 0.068359 0.586111 0.034635 0.030556
0 0.083854 0.610880 0.039062 0.043056
0 0.041667 0.877315 0.075521 0.090741
0 0.177865 0.600231 0.025521 0.036574
0 0.270052 0.605787 0.025521 0.032870
0 0.280599 0.638657 0.034115 0.050463
0 0.364714 0.364583 0.022135 0.032870
0 0.396615 0.279398 0.021354 0.030093
0 0.431120 0.266898 0.020052 0.025463
0 0.351562 0.305093 0.021354 0.024074
0 0.491406 0.831713 0.041667 0.061574
0 0.395573 0.869907 0.037500 0.077778
0 0.344661 0.709028 0.024219 0.056944
0 0.655599 0.906250 0.050781 0.078241
0 0.714453 0.481481 0.032031 0.066667
0 0.698177 0.607870 0.029167 0.051852
0 0.551172 0.597685 0.026302 0.041667
0 0.751302 0.353935 0.031250 0.054167
0 0.806901 0.481481 0.032552 0.056481
0 0.898438 0.657176 0.055208 0.082870