3 0.034375 0.133333 0.018229 0.024074
1 0.120964 0.175000 0.025781 0.025000
1 0.088542 0.153472 0.023958 0.051389
1 0.119010 0.136343 0.039583 0.072685
0 0.098437 0.127315 0.026562 0.047222
0 0.055339 0.166204 0.027865 0.042593
0 0.061849 0.136806 0.031510 0.039352
0 0.148568 0.086343 0.023698 0.040278
1 0.031380 0.171759 0.026823 0.030556
1 0.030208 0.156481 0.026562 0.034259
0 0.175000 0.046296 0.015625 0.025926
1 0.180599 0.063426 0.013802 0.037037
1 0.169922 0.084954 0.032552 0.042130
0 0.137370 0.065972 0.019531 0.025463
1 0.156641 0.057639 0.027865 0.022685
0 0.160938 0.047917 0.015104 0.019907
1 0.128646 0.048843 0.019792 0.020833
1 0.118099 0.046759 0.012760 0.017593
0 0.113151 0.042130 0.013281 0.021296
1 0.145833 0.047454 0.020313 0.016204
3 0.009635 0.115509 0.018229 0.018056
1 0.006771 0.134259 0.013542 0.023148
1 0.025521 0.130556 0.030208 0.035185
1 0.057943 0.097685 0.016927 0.033333
0 0.071354 0.091204 0.017188 0.033333
0 0.079167 0.051852 0.012500 0.017593
1 0.083854 0.063194 0.012500 0.021759
0 0.096484 0.027546 0.009635 0.015278
0 0.125391 0.023380 0.014844 0.017130
0 0.143229 0.019676 0.013021 0.017130
0 0.154948 0.028009 0.014583 0.017130
0 0.075781 0.031250 0.009375 0.018056
0 0.048958 0.069907 0.010937 0.016667
0 0.061458 0.057870 0.013542 0.015741
1 0.054167 0.071991 0.017188 0.023611
1 0.035547 0.110648 0.018490 0.021296
0 0.023698 0.105324 0.017188 0.026389
0 0.033464 0.096065 0.015885 0.025463
0 0.006510 0.105556 0.013021 0.031481
1 0.099219 0.057639 0.013542 0.012500
1 0.122266 0.080556 0.024219 0.044444
1 0.116797 0.089815 0.012240 0.038889
1 0.104818 0.082639 0.013802 0.045833