2 0.849870 0.806713 0.072656 0.090278
0 0.833073 0.953241 0.070833 0.093519
0 0.392708 0.776157 0.039062 0.076389
0 0.481380 0.753009 0.032552 0.058796
0 0.562500 0.685185 0.040104 0.065741
0 0.698177 0.530324 0.030729 0.063426
0 0.619401 0.440741 0.035156 0.059259
0 0.677474 0.347685 0.033073 0.061111
0 0.722396 0.313194 0.031771 0.056944
0 0.572266 0.131713 0.021094 0.045833
0 0.548307 0.178472 0.021615 0.038426
0 0.463151 0.236343 0.021615 0.037500
0 0.442057 0.268981 0.025781 0.037037
0 0.487891 0.245602 0.025260 0.033796
0 0.378776 0.386806 0.025781 0.037500
0 0.385417 0.432407 0.022396 0.042593