0 0.842969 0.953704 0.079167 0.092593
2 0.858464 0.805324 0.073698 0.089352
0 0.400781 0.764120 0.034375 0.063426
0 0.724609 0.624306 0.048177 0.096759
0 0.568620 0.680324 0.036719 0.064352
0 0.731250 0.307176 0.032292 0.056019
0 0.712109 0.523843 0.030990 0.071759
0 0.626953 0.434259 0.034635 0.052778
0 0.690755 0.340741 0.028385 0.063889
0 0.580339 0.130093 0.021615 0.049074
0 0.559245 0.174074 0.025260 0.034259
0 0.472656 0.231713 0.020313 0.033796
0 0.497656 0.240741 0.019271 0.032407
0 0.450911 0.261806 0.025260 0.038426
0 0.389062 0.386111 0.027083 0.040741
0 0.393750 0.432407 0.023958 0.049074