2 0.960156 0.698148 0.079687 0.120370
2 0.950521 0.894907 0.098958 0.178704
2 0.741667 0.552315 0.056250 0.089815
2 0.672917 0.548148 0.076042 0.109259
2 0.302865 0.681481 0.093229 0.114815
2 0.478385 0.573611 0.065104 0.102778
2 0.352083 0.359259 0.071875 0.094444
0 0.813802 0.626852 0.079687 0.111111
0 0.654167 0.606481 0.064583 0.112963
0 0.530469 0.556019 0.066146 0.102778
0 0.365625 0.283796 0.066667 0.097222
0 0.321615 0.180556 0.059896 0.083333
0 0.207292 0.090741 0.075000 0.074074
0 0.108333 0.720370 0.164583 0.150000