2 0.538281 0.381019 0.056250 0.067593
0 0.321875 0.255324 0.017708 0.035648
0 0.375651 0.323380 0.025781 0.035648
0 0.290885 0.315278 0.021875 0.035185
0 0.018750 0.913889 0.037500 0.071296
0 0.184245 0.972917 0.047656 0.054167
2 0.298438 0.437037 0.050000 0.036111
2 0.253125 0.489815 0.055729 0.085185
0 0.211589 0.508102 0.042969 0.057870
0 0.883854 0.870602 0.060417 0.087500
0 0.859115 0.562037 0.088542 0.132407
0 0.670964 0.367361 0.069010 0.078241
0 0.736849 0.356713 0.048177 0.083796
0 0.600391 0.387963 0.065365 0.062963
0 0.698438 0.428472 0.041146 0.051389
0 0.381250 0.461806 0.036979 0.048611
0 0.452865 0.444907 0.048958 0.062963
0 0.493750 0.564815 0.068229 0.107407
0 0.579818 0.619213 0.084635 0.118981