0 0.146354 0.070602 0.012500 0.018056
0 0.152995 0.008102 0.014323 0.016204
0 0.170182 0.012269 0.017448 0.018056
2 0.139844 0.007407 0.011458 0.014815
2 0.162240 0.026389 0.023958 0.024074
2 0.105339 0.179398 0.012240 0.016204
2 0.146875 0.140046 0.014583 0.026389
3 0.154427 0.136111 0.004687 0.004630
3 0.110677 0.089352 0.005729 0.007407
3 0.066536 0.130787 0.007031 0.008796
1 0.111849 0.153241 0.009635 0.033333
0 0.130599 0.081481 0.014844 0.020370
0 0.118099 0.121759 0.011719 0.019444
0 0.092839 0.134722 0.011719 0.018519
0 0.068490 0.118519 0.010937 0.016667
0 0.090625 0.081481 0.011979 0.020370
0 0.079297 0.085648 0.009115 0.016667
0 0.074089 0.078935 0.008594 0.012500
0 0.068490 0.067361 0.007812 0.012500
0 0.036458 0.112037 0.016146 0.019444
0 0.061979 0.056713 0.013021 0.016204
0 0.049349 0.066898 0.011719 0.009722
0 0.045833 0.053704 0.011979 0.016667
0 0.031901 0.026852 0.011198 0.015741
0 0.038672 0.006713 0.012760 0.011574
2 0.113411 0.021528 0.009115 0.012500
2 0.069401 0.024537 0.012760 0.012963
2 0.080599 0.068981 0.008594 0.014815
2 0.003776 0.081019 0.007031 0.020370
2 0.010547 0.005324 0.016406 0.010648
3 0.088672 0.064120 0.004427 0.007870
3 0.088802 0.046991 0.003125 0.009722
3 0.128125 0.030787 0.004167 0.006019
3 0.114974 0.042824 0.003385 0.005093
3 0.120313 0.031481 0.004167 0.005556
0 0.012760 0.135417 0.024479 0.022685
2 0.044661 0.170370 0.019010 0.027778