2 0.914062 0.088426 0.032292 0.060185
2 0.978906 0.462037 0.042188 0.081481
2 0.130729 0.134259 0.040625 0.040741
2 0.808594 0.062963 0.079687 0.094444
2 0.789323 0.141667 0.094271 0.122222
2 0.709375 0.220833 0.064583 0.095370
2 0.836458 0.283796 0.043750 0.058333
2 0.939323 0.287963 0.073438 0.100000
2 0.968229 0.332407 0.063542 0.094444
2 0.937760 0.443056 0.078646 0.119444
2 0.673698 0.832407 0.046354 0.061111
2 0.713281 0.726852 0.049479 0.098148
2 0.687500 0.495833 0.056250 0.069444
2 0.681250 0.347222 0.065625 0.100000
2 0.430990 0.398148 0.073438 0.122222
2 0.561719 0.037963 0.070312 0.075926
2 0.436198 0.094444 0.059896 0.090741
2 0.215365 0.273148 0.091146 0.111111
2 0.069531 0.655556 0.139063 0.196296
0 0.938281 0.830556 0.079687 0.096296
0 0.385417 0.033796 0.055208 0.067593
0 0.091146 0.867593 0.180208 0.170370
0 0.340104 0.845833 0.082292 0.112037
0 0.779687 0.750463 0.060417 0.108333
0 0.851823 0.801852 0.094271 0.105556
0 0.731510 0.775000 0.060937 0.100000
0 0.673698 0.567593 0.046354 0.088889
0 0.801562 0.675926 0.061458 0.087037
0 0.953125 0.076389 0.068750 0.084259
0 0.926302 0.195370 0.083854 0.105556
0 0.729167 0.416667 0.051042 0.077778
0 0.839323 0.358796 0.069271 0.110185
0 0.666667 0.068056 0.075000 0.136111
0 0.481771 0.386111 0.069792 0.146296
0 0.589844 0.618519 0.070312 0.135185