1 0.425781 0.151852 0.169271 0.140741
3 0.229167 0.503704 0.150000 0.218519
2 0.925260 0.899537 0.084896 0.113889
2 0.467708 0.654630 0.064583 0.137037
2 0.436458 0.599537 0.051042 0.093519
2 0.389583 0.726852 0.093750 0.166667
2 0.285417 0.761574 0.089583 0.115741
2 0.133854 0.807407 0.091667 0.105556
2 0.896875 0.601389 0.129167 0.154630
2 0.742188 0.514352 0.105208 0.149074
2 0.571354 0.107407 0.110417 0.194444
2 0.268490 0.084259 0.071354 0.100000
2 0.074479 0.425000 0.148958 0.192593
0 0.560156 0.276852 0.132812 0.187037
0 0.535156 0.566204 0.136979 0.219444
0 0.585677 0.689815 0.073438 0.118519
0 0.060156 0.198148 0.120313 0.164815
2 0.956250 0.400463 0.061458 0.097222
2 0.823177 0.809722 0.065104 0.076852