0 0.271354 0.742130 0.054167 0.084259
0 0.988281 0.340741 0.023438 0.088889
0 0.801823 0.401389 0.063021 0.084259
0 0.717969 0.550463 0.058854 0.089815
0 0.625260 0.782407 0.059896 0.090741
0 0.676302 0.691204 0.060937 0.080556
0 0.517969 0.567130 0.066146 0.117593
0 0.327604 0.767130 0.078125 0.115741
2 0.869792 0.460185 0.043750 0.059259
2 0.796094 0.522685 0.069271 0.102778
2 0.729948 0.391204 0.040104 0.093519
2 0.537500 0.962963 0.057292 0.074074
2 0.505990 0.635648 0.056771 0.075000
2 0.302083 0.682407 0.070833 0.090741