2 0.826302 0.718519 0.124479 0.161111
2 0.097656 0.042130 0.090104 0.084259
2 0.440104 0.279630 0.053125 0.087037
2 0.462500 0.609722 0.037500 0.073148
2 0.568229 0.881944 0.068750 0.102778
2 0.378385 0.978241 0.068229 0.043519
2 0.245312 0.881019 0.093750 0.123148
2 0.151042 0.961111 0.053125 0.077778
2 0.224479 0.701852 0.091667 0.109259
0 0.804948 0.042130 0.054688 0.084259
0 0.451823 0.944444 0.058854 0.096296
0 0.288542 0.961574 0.072917 0.076852
0 0.148958 0.850463 0.094792 0.119444
0 0.304427 0.539815 0.095312 0.122222
0 0.630990 0.643519 0.127604 0.159259
0 0.520833 0.105093 0.057292 0.093519
0 0.145052 0.101852 0.101562 0.105556