2 0.116276 0.395139 0.035156 0.051389
0 0.319010 0.400231 0.047917 0.069907
0 0.288672 0.287963 0.048698 0.119444
0 0.299609 0.150000 0.056510 0.093519
0 0.239063 0.481481 0.036979 0.037037
0 0.050911 0.454167 0.052865 0.050000
0 0.044792 0.412269 0.070833 0.056944
0 0.007812 0.213889 0.015625 0.055556
0 0.075911 0.113657 0.052865 0.084722
0 0.014974 0.084954 0.029948 0.077315
2 0.434635 0.407176 0.030208 0.034722
1 0.237760 0.088657 0.082292 0.074537
1 0.153776 0.257407 0.058073 0.092593
2 0.012891 0.327778 0.025781 0.050000
2 0.257812 0.326157 0.036458 0.069907
2 0.243229 0.303472 0.024479 0.044907
2 0.220964 0.362269 0.045573 0.081019
2 0.175911 0.378241 0.039323 0.061111
2 0.165365 0.059028 0.027083 0.043981
2 0.480990 0.484491 0.038021 0.031019
2 0.479948 0.449769 0.040104 0.055093
2 0.470443 0.299769 0.059115 0.092130
2 0.388932 0.261806 0.060156 0.076389
2 0.302995 0.060648 0.052865 0.090741
2 0.087370 0.226620 0.063802 0.084722