0 0.020703 0.865278 0.039844 0.088889
2 0.598437 0.053241 0.057813 0.095370
0 0.619922 0.591435 0.043490 0.084722
0 0.499349 0.961806 0.048698 0.076389
0 0.491406 0.875926 0.049479 0.087037
0 0.445833 0.922917 0.048958 0.108796
0 0.406250 0.948843 0.032813 0.061574
0 0.401562 0.835648 0.041146 0.082407
0 0.471745 0.568056 0.057552 0.112037
0 0.459505 0.404861 0.053385 0.100463
0 0.515495 0.344676 0.059635 0.106944
0 0.330729 0.313194 0.036458 0.071759
0 0.249870 0.071065 0.042448 0.069907
0 0.410156 0.109722 0.048958 0.075000