2 0.648177 0.448148 0.046354 0.068519
0 0.794141 0.793056 0.047135 0.093519
0 0.723437 0.856944 0.055208 0.112037
0 0.771484 0.951157 0.044531 0.097685
0 0.598698 0.833565 0.053646 0.099537
0 0.641276 0.742593 0.067448 0.103704
0 0.323828 0.567824 0.040365 0.062500
0 0.417578 0.771296 0.038802 0.080556
0 0.503906 0.556713 0.049479 0.084722
0 0.462500 0.413657 0.033333 0.059722
0 0.509505 0.309491 0.046615 0.077315
0 0.354557 0.478704 0.040885 0.058333
0 0.037500 0.959954 0.038542 0.070833
0 0.112370 0.667130 0.048177 0.079630