3 0.036589 0.129398 0.007552 0.011574
3 0.024870 0.125694 0.012760 0.010648
3 0.052734 0.160648 0.008594 0.016667
3 0.040104 0.101852 0.014063 0.012037
3 0.058073 0.128935 0.012500 0.018056
3 0.110417 0.148148 0.005208 0.011111
3 0.101042 0.117824 0.021354 0.023611
0 0.113932 0.173843 0.016406 0.027315
0 0.059635 0.110185 0.007292 0.012037
0 0.148047 0.127315 0.007552 0.015741
0 0.156380 0.095139 0.008594 0.013426
0 0.146094 0.081250 0.005208 0.010648
0 0.141667 0.049306 0.008333 0.010648
0 0.124089 0.050463 0.008073 0.012963
0 0.059766 0.052083 0.006510 0.011574