0 0.055078 0.046296 0.019010 0.038889
0 0.056250 0.081481 0.023958 0.038889
0 0.066797 0.102315 0.025781 0.043519
1 0.034375 0.034259 0.027604 0.022222
1 0.018620 0.065972 0.034635 0.035648
3 0.008464 0.125926 0.016927 0.023148
1 0.048958 0.156481 0.034896 0.032407
3 0.047656 0.127083 0.024479 0.043056
0 0.025911 0.142130 0.023698 0.052778
1 0.008464 0.169213 0.016927 0.036574
0 0.077604 0.169444 0.027604 0.035185
0 0.102474 0.180093 0.031510 0.014815
1 0.080599 0.050231 0.015885 0.023611
3 0.082161 0.031713 0.013802 0.016204
0 0.089974 0.021528 0.019010 0.033796
0 0.101953 0.009028 0.019010 0.018056
3 0.095833 0.051157 0.017188 0.036574
3 0.073307 0.006944 0.017969 0.013889
3 0.113672 0.005093 0.011719 0.010185
3 0.110937 0.070139 0.023438 0.036574
3 0.125260 0.045139 0.022917 0.029167
3 0.128776 0.019676 0.022656 0.027315
3 0.129688 0.006019 0.022396 0.012037
1 0.183594 0.017824 0.007812 0.035648
3 0.164583 0.007176 0.027083 0.014352