0 0.364063 0.131481 0.017188 0.021296
0 0.284896 0.157639 0.013542 0.023611
0 0.261198 0.171759 0.014063 0.024074
0 0.235417 0.238657 0.013021 0.026389
0 0.146875 0.321528 0.017708 0.027315
0 0.105208 0.485185 0.021354 0.029630
0 0.153776 0.456250 0.020052 0.029167
0 0.260156 0.320370 0.019792 0.032407
0 0.466016 0.182870 0.017448 0.027778
0 0.405208 0.273380 0.019271 0.043981
0 0.363021 0.285648 0.020313 0.031481
1 0.250651 0.462731 0.034635 0.074537
1 0.305599 0.318750 0.053385 0.045833
2 0.474089 0.439815 0.051823 0.088889