1 0.166927 0.116435 0.029167 0.047685
1 0.140495 0.146759 0.016406 0.081481
2 0.134245 0.047222 0.014844 0.040741
2 0.132943 0.012731 0.012760 0.017130
2 0.069010 0.122454 0.012500 0.020833
1 0.029297 0.123843 0.020573 0.025463
2 0.125391 0.153009 0.023177 0.045833
2 0.060807 0.053009 0.010677 0.014352
2 0.056901 0.071991 0.011719 0.019907
2 0.066927 0.071528 0.010937 0.018056
0 0.087109 0.150231 0.021615 0.039352
0 0.104948 0.145602 0.013542 0.023611
0 0.103776 0.111343 0.014844 0.026389
0 0.083203 0.101620 0.021615 0.043981
0 0.050651 0.131481 0.026302 0.053704
0 0.029948 0.174537 0.021875 0.025926