0 0.125391 0.122685 0.021094 0.038889
0 0.094531 0.037731 0.013021 0.022685
0 0.048307 0.065509 0.016406 0.021759
0 0.085286 0.098380 0.014323 0.018981
0 0.069922 0.115046 0.015885 0.027315
0 0.091406 0.147454 0.015625 0.031019
0 0.072526 0.170139 0.017969 0.031944
0 0.045964 0.178009 0.014323 0.018981
0 0.145833 0.156019 0.020313 0.033333
0 0.158854 0.100463 0.019271 0.029630
2 0.075130 0.019676 0.012240 0.029167
2 0.133594 0.068056 0.017708 0.037963
2 0.130469 0.014352 0.013021 0.025926
2 0.164714 0.037500 0.028906 0.035185
2 0.169531 0.015972 0.023438 0.025463
2 0.151302 0.010417 0.023958 0.020833
2 0.138411 0.095139 0.017448 0.020833
2 0.148177 0.076852 0.017708 0.024074
1 0.076432 0.077546 0.008594 0.033796
2 0.106120 0.153472 0.012760 0.028241
2 0.102083 0.126852 0.011458 0.020370