0 0.007682 0.037731 0.009635 0.014352
0 0.007682 0.025926 0.009115 0.013889
0 0.024219 0.019444 0.007292 0.012037
0 0.015495 0.215046 0.010677 0.013426
0 0.013802 0.198380 0.010417 0.019907
0 0.010547 0.168056 0.011719 0.020370
0 0.005990 0.147685 0.008854 0.017593
0 0.098047 0.160185 0.009635 0.017593
0 0.056380 0.188426 0.007552 0.015741
0 0.053125 0.178935 0.009375 0.017130
0 0.067448 0.147222 0.011458 0.019444
0 0.069661 0.105324 0.010156 0.019907
0 0.052995 0.164815 0.012240 0.020370
0 0.057422 0.135417 0.009635 0.024537
0 0.038542 0.094907 0.008854 0.018519
0 0.032031 0.092824 0.008333 0.009722
0 0.040104 0.110648 0.011458 0.017593
0 0.049219 0.114120 0.011979 0.017130
0 0.057161 0.100463 0.011198 0.019444
0 0.044141 0.090972 0.008073 0.015278
0 0.107552 0.140741 0.010417 0.018519
0 0.099219 0.127315 0.008854 0.016667
0 0.100130 0.086574 0.009635 0.022222
0 0.095833 0.072685 0.007292 0.016667
0 0.149089 0.138889 0.007031 0.016667
0 0.141406 0.128704 0.009896 0.018519
0 0.141276 0.095833 0.009635 0.019444
0 0.120833 0.049537 0.007292 0.018519
0 0.131250 0.096759 0.008333 0.019444
0 0.067969 0.035417 0.009375 0.016204
0 0.061068 0.068287 0.008594 0.019907
0 0.050000 0.011343 0.007812 0.009722
0 0.055990 0.024537 0.005729 0.020370
0 0.057682 0.043287 0.007031 0.018981
0 0.116016 0.121528 0.009635 0.021759