1 0.160286 0.006481 0.028385 0.012963
0 0.006641 0.030324 0.012760 0.020833
1 0.016276 0.015741 0.015365 0.027778
0 0.027995 0.014120 0.020052 0.024537
0 0.015495 0.041667 0.023177 0.025926
3 0.033724 0.024537 0.019531 0.016667
3 0.028516 0.064352 0.025781 0.036111
1 0.007943 0.080093 0.014844 0.050926
0 0.051432 0.014815 0.017969 0.029630
3 0.067448 0.015741 0.019271 0.020370
0 0.082161 0.022454 0.023177 0.039352
0 0.130729 0.023380 0.034375 0.045833
0 0.093880 0.047454 0.028385 0.040278
1 0.106641 0.022917 0.026302 0.043056
1 0.116016 0.064120 0.042448 0.048611
3 0.109375 0.085880 0.036979 0.056944
3 0.117969 0.149306 0.053125 0.076389
1 0.158203 0.078935 0.033073 0.097685
1 0.153906 0.147222 0.041146 0.076852
0 0.171745 0.068519 0.031510 0.075000
0 0.143359 0.169213 0.060677 0.036574