3 0.973958 0.502083 0.052083 0.057870
2 0.945964 0.377546 0.102865 0.091204
3 0.756250 0.583796 0.028125 0.026852
3 0.706250 0.556250 0.066146 0.086574
3 0.895182 0.540278 0.057031 0.061111
3 0.826823 0.547685 0.076563 0.080556
3 0.817448 0.725694 0.036979 0.043981
3 0.888542 0.819213 0.071875 0.116204
3 0.768099 0.746759 0.070052 0.095370
3 0.519792 0.964120 0.037500 0.055093
3 0.431510 0.422222 0.047917 0.051852
3 0.491016 0.564352 0.035677 0.036111
3 0.096615 0.215741 0.033854 0.047222
3 0.556250 0.353009 0.035937 0.039352