0 0.347656 0.028935 0.059896 0.057870
0 0.269271 0.009028 0.030729 0.018056
0 0.288411 0.133796 0.048177 0.059259
0 0.295182 0.282407 0.047656 0.071296
0 0.283203 0.346991 0.045052 0.059722
0 0.324479 0.311806 0.036979 0.065278
0 0.349870 0.370139 0.048177 0.068981
0 0.346615 0.425694 0.052604 0.062500
0 0.353906 0.475694 0.050000 0.048611
0 0.219792 0.479167 0.044792 0.041667
2 0.143099 0.304630 0.080990 0.120370
2 0.194141 0.273843 0.023177 0.036574
2 0.267708 0.287037 0.023958 0.041667
2 0.313542 0.225926 0.015625 0.034259
2 0.445312 0.234028 0.093750 0.109722
2 0.405859 0.304630 0.040885 0.054630
2 0.413802 0.482176 0.030729 0.035648