0 0.008203 0.155093 0.016406 0.050926
3 0.009766 0.095370 0.019531 0.031481
3 0.050651 0.178704 0.013802 0.017593
0 0.027995 0.118056 0.029427 0.043519
0 0.032682 0.154167 0.031510 0.037037
0 0.049089 0.129630 0.025781 0.036111
0 0.094141 0.151157 0.036198 0.062500
1 0.068099 0.170833 0.025781 0.033333
1 0.065365 0.153009 0.025521 0.041204
0 0.048307 0.088889 0.025260 0.038889
0 0.037240 0.055324 0.025000 0.037500
1 0.044661 0.037269 0.028385 0.031019
1 0.009896 0.044213 0.019792 0.018981
1 0.073307 0.099074 0.034115 0.036111
0 0.068099 0.067824 0.021094 0.040278
0 0.064062 0.027546 0.020313 0.043981
3 0.084635 0.053935 0.017708 0.035648
1 0.083984 0.025231 0.036719 0.048611
1 0.123568 0.152083 0.027865 0.070833
1 0.145573 0.137500 0.039062 0.078704
1 0.111979 0.095370 0.015104 0.075926
0 0.096875 0.074537 0.021875 0.042593
0 0.123307 0.095139 0.014323 0.041204
1 0.126432 0.013657 0.028906 0.026389
3 0.125521 0.034722 0.024479 0.043519
1 0.106380 0.040972 0.015365 0.044907
0 0.140234 0.036574 0.014844 0.050926
0 0.133073 0.070833 0.033854 0.029630
0 0.156250 0.087037 0.023438 0.042593
1 0.166797 0.077546 0.027865 0.099537
1 0.167578 0.139583 0.039844 0.037500
1 0.177734 0.165741 0.019531 0.035185
1 0.171094 0.016898 0.032813 0.033796
0 0.175651 0.042361 0.017969 0.041204
1 0.182812 0.090972 0.009375 0.062500