1 0.111458 0.035648 0.013542 0.032407
1 0.169141 0.086806 0.020573 0.023611
0 0.092969 0.034954 0.015104 0.027315
0 0.144141 0.048843 0.010156 0.019907
0 0.147135 0.019213 0.009896 0.017130
0 0.131250 0.140741 0.013021 0.023148
0 0.069271 0.090972 0.012500 0.023611
0 0.006901 0.092130 0.009635 0.015741
0 0.005208 0.057407 0.008854 0.016667
0 0.021875 0.007639 0.010937 0.015278
0 0.006250 0.037500 0.008854 0.012963
2 0.016667 0.093287 0.006250 0.014352
2 0.132292 0.070833 0.008854 0.014815
2 0.132812 0.034954 0.006771 0.012500
2 0.120443 0.011111 0.010677 0.016667
2 0.158984 0.037731 0.007552 0.014352