0 0.036849 0.039583 0.027865 0.049537
0 0.064583 0.021065 0.023958 0.033796
0 0.065365 0.054398 0.026562 0.042130
0 0.044401 0.075463 0.023698 0.046296
0 0.024089 0.073380 0.022656 0.034722
0 0.040625 0.122222 0.033333 0.060185
0 0.057422 0.162731 0.023698 0.045833
0 0.067448 0.094213 0.025521 0.046759
0 0.093620 0.137500 0.027344 0.052778
0 0.101302 0.101157 0.017708 0.036574
0 0.133594 0.158796 0.023958 0.049074
0 0.116406 0.076157 0.018750 0.032870
0 0.104557 0.049074 0.019010 0.026852
0 0.099609 0.070602 0.019531 0.029167
0 0.087760 0.048843 0.016667 0.032870
0 0.127214 0.064120 0.010677 0.025463
0 0.121745 0.043519 0.015365 0.023148
0 0.119141 0.021759 0.013802 0.024074
0 0.111979 0.009259 0.014583 0.017593