3 0.511458 0.284954 0.050521 0.070833
3 0.217969 0.410185 0.042708 0.037037
3 0.228516 0.430324 0.057031 0.046759
3 0.096354 0.416435 0.067187 0.062500
3 0.240495 0.458796 0.057552 0.057407
3 0.329427 0.400926 0.058333 0.085185
3 0.369661 0.334954 0.051823 0.085648
3 0.396745 0.386574 0.044531 0.080556
3 0.712630 0.656481 0.141927 0.227778
3 0.786198 0.701620 0.080208 0.153241
3 0.808073 0.842361 0.094792 0.127315
3 0.411979 0.925694 0.075000 0.141204
1 0.952214 0.573148 0.095573 0.089815
3 0.911979 0.843750 0.085938 0.131944
3 0.973698 0.772685 0.052604 0.145370
3 0.292057 0.276852 0.050260 0.073148
3 0.410807 0.257870 0.043490 0.051852
3 0.441667 0.287963 0.058333 0.072222
3 0.399870 0.150000 0.034115 0.040741
3 0.491276 0.162963 0.031510 0.050926