2 0.744661 0.256250 0.067448 0.080093
2 0.555469 0.475000 0.041667 0.060185
2 0.440885 0.871759 0.078125 0.118519
2 0.197526 0.705093 0.104427 0.091667
2 0.162500 0.858102 0.041146 0.080093
2 0.237630 0.811806 0.062760 0.101389
2 0.159635 0.941898 0.069271 0.106944
1 0.662891 0.629398 0.092448 0.248611
3 0.352734 0.547917 0.028906 0.059722
3 0.769531 0.190972 0.032292 0.030093
3 0.834245 0.159028 0.037760 0.043056
2 0.506771 0.847454 0.029687 0.118981
2 0.476953 0.928935 0.036198 0.095833
2 0.566016 0.658102 0.065885 0.151389
2 0.445703 0.758102 0.065365 0.103241
2 0.508464 0.708102 0.058594 0.108796
2 0.448568 0.679630 0.040365 0.065741
2 0.516146 0.565278 0.050000 0.068519
2 0.601302 0.392593 0.054688 0.112963
2 0.453646 0.559954 0.042708 0.064352
2 0.664062 0.470602 0.085417 0.134722
2 0.743750 0.394213 0.093229 0.101389
2 0.821745 0.477083 0.115885 0.187500
2 0.864062 0.341898 0.094271 0.108796
2 0.969010 0.200926 0.060937 0.075926
2 0.283594 0.400694 0.067708 0.056944