2 0.814063 0.090278 0.061979 0.083333
3 0.082031 0.601389 0.042708 0.050000
3 0.299740 0.813889 0.112500 0.091667
3 0.489583 0.156713 0.050000 0.043981
3 0.455339 0.240972 0.031510 0.027315
3 0.471094 0.271991 0.040104 0.043056
3 0.371354 0.334722 0.036979 0.039815
3 0.426432 0.356944 0.049219 0.058333
3 0.427214 0.455093 0.049219 0.062963
3 0.369661 0.513657 0.065885 0.106019
3 0.428776 0.278935 0.039323 0.040278
2 0.602995 0.848148 0.112760 0.191667
2 0.213151 0.704630 0.073177 0.121296
2 0.111849 0.780324 0.114844 0.156019
2 0.652083 0.387731 0.078646 0.122685
2 0.694271 0.237500 0.098958 0.151852
2 0.794010 0.166204 0.105208 0.128704
2 0.940495 0.085185 0.098698 0.133333
2 0.468229 0.526620 0.078125 0.051389
2 0.267578 0.510880 0.048177 0.048611
2 0.065625 0.301157 0.090104 0.056019
2 0.076823 0.389120 0.057813 0.082870
1 0.432422 0.750231 0.095052 0.124537
3 0.638802 0.966435 0.092708 0.067130
3 0.445703 0.185417 0.029948 0.030093
3 0.145964 0.595833 0.061198 0.052778
3 0.223698 0.565972 0.044271 0.030093