2 0.938151 0.753935 0.036198 0.077315
0 0.505729 0.257639 0.035417 0.074537
2 0.784635 0.834028 0.093229 0.137500
2 0.812109 0.949074 0.062760 0.101852
2 0.916016 0.952083 0.065885 0.095833
2 0.935286 0.278935 0.046615 0.051389
2 0.889323 0.218287 0.050000 0.061574
3 0.309635 0.284722 0.060417 0.068519
3 0.149609 0.324306 0.055469 0.056019
3 0.170964 0.265278 0.048177 0.084259
3 0.284245 0.534259 0.059635 0.064815
3 0.264714 0.381019 0.074740 0.044444
3 0.104688 0.013657 0.092708 0.027315
3 0.209896 0.082407 0.068229 0.044444
3 0.109375 0.271065 0.081250 0.058796
3 0.068620 0.959954 0.137240 0.080093
3 0.285156 0.946991 0.114062 0.106019
2 0.608594 0.907639 0.090104 0.147685
2 0.816536 0.712269 0.039323 0.085648
2 0.769141 0.682407 0.057031 0.108333
2 0.467318 0.702315 0.087760 0.134259
2 0.700651 0.560648 0.068490 0.094444
2 0.685026 0.496991 0.049740 0.047685
2 0.635156 0.484491 0.057813 0.067130
2 0.621875 0.545139 0.066667 0.103241
2 0.553125 0.520602 0.073958 0.111574
2 0.563151 0.465046 0.061719 0.051389
2 0.480208 0.528472 0.065104 0.093056
2 0.402604 0.537731 0.077083 0.111574
3 0.207552 0.548611 0.060417 0.084259
2 0.370443 0.389120 0.083594 0.111574
2 0.320573 0.492130 0.072396 0.076852
2 0.243750 0.315509 0.068229 0.084722
2 0.080078 0.133796 0.083594 0.101852
2 0.491146 0.442593 0.083854 0.078704
2 0.473047 0.320602 0.070052 0.054167
2 0.530208 0.357639 0.042708 0.082870
2 0.751823 0.404861 0.036979 0.077315
2 0.673047 0.339583 0.053385 0.116204
2 0.626693 0.396991 0.046094 0.084722
2 0.581250 0.377778 0.041667 0.054630
2 0.618750 0.197454 0.071875 0.129167
2 0.553125 0.048148 0.056250 0.084259
2 0.524479 0.114583 0.054167 0.117130
2 0.440885 0.037269 0.042708 0.074537
2 0.425260 0.085185 0.051562 0.073148