3 0.014453 0.749306 0.026823 0.070833
1 0.241927 0.253009 0.044792 0.039352
3 0.830859 0.047917 0.033073 0.055093
3 0.208464 0.428241 0.056510 0.086111
3 0.175781 0.418981 0.014583 0.045370
1 0.511719 0.290509 0.102083 0.059722
1 0.239844 0.193750 0.053125 0.050463
3 0.515625 0.722917 0.070833 0.101389
3 0.513802 0.663657 0.070312 0.085648
3 0.456901 0.443519 0.039323 0.052778
3 0.255078 0.957407 0.069531 0.085185
3 0.345573 0.581481 0.031771 0.053704
3 0.285677 0.218750 0.015104 0.021759
3 0.778646 0.324074 0.044792 0.041667
3 0.149870 0.344907 0.022135 0.012037
3 0.137891 0.552546 0.047656 0.047685
3 0.272526 0.354167 0.035677 0.033333