3 0.306771 0.305787 0.032292 0.035648
0 0.604167 0.421991 0.025000 0.074537
0 0.632682 0.081713 0.030469 0.037500
1 0.722396 0.248380 0.061979 0.227315
3 0.031120 0.710880 0.062240 0.103241
3 0.973437 0.470602 0.052083 0.048611
3 0.217188 0.173148 0.058854 0.039815
3 0.272266 0.321296 0.046615 0.038889
3 0.284896 0.276852 0.045833 0.038889
2 0.229687 0.668056 0.103125 0.149074
2 0.354687 0.575694 0.079687 0.101389
2 0.262630 0.461343 0.064323 0.069907
2 0.163672 0.214120 0.040365 0.064352
2 0.145182 0.081019 0.051302 0.070370
2 0.326302 0.202315 0.036979 0.050000
2 0.274219 0.159491 0.045833 0.061574
2 0.340365 0.335417 0.047396 0.061574
2 0.359635 0.419213 0.079687 0.106019
3 0.330208 0.238194 0.056250 0.101389
3 0.373698 0.159028 0.051562 0.045833
2 0.526953 0.413426 0.071615 0.068519
2 0.581250 0.493519 0.066146 0.105556
2 0.461068 0.531481 0.105469 0.107407
2 0.431250 0.630324 0.100521 0.130093
2 0.504036 0.732407 0.104427 0.160185
2 0.519271 0.607407 0.094792 0.078704
2 0.615104 0.703009 0.107813 0.167130
2 0.656120 0.580787 0.061198 0.163426
2 0.692578 0.521296 0.087760 0.173148
2 0.662109 0.284722 0.098698 0.151852
2 0.614323 0.186806 0.035417 0.147685
2 0.499219 0.134028 0.078646 0.156019
2 0.672135 0.888426 0.122396 0.223148
2 0.723177 0.826157 0.095833 0.181944
2 0.866797 0.720833 0.119010 0.186111
2 0.851953 0.863426 0.084635 0.110185
2 0.928385 0.914815 0.071875 0.089815
2 0.929688 0.807407 0.054688 0.138889
2 0.657813 0.103704 0.085417 0.112963
2 0.755859 0.080324 0.064323 0.085648
2 0.688672 0.042130 0.063281 0.047222