2 0.904687 0.678009 0.066146 0.091204
2 0.902604 0.745370 0.097396 0.105556
2 0.882943 0.789120 0.070573 0.095833
2 0.767057 0.664352 0.048177 0.110185
2 0.823438 0.662269 0.023958 0.068981
2 0.801693 0.586574 0.048177 0.071296
2 0.738932 0.539352 0.037240 0.071296
2 0.783203 0.458565 0.045052 0.069907
2 0.712760 0.395602 0.044271 0.050463
2 0.723698 0.450694 0.048438 0.077315
2 0.565625 0.597917 0.058854 0.085648
2 0.380078 0.218287 0.045052 0.095833
2 0.184245 0.681713 0.173177 0.253241
2 0.197135 0.908333 0.165104 0.183333