2 0.406771 0.484954 0.035417 0.056944
3 0.611458 0.174537 0.031250 0.028704
3 0.670182 0.141667 0.033073 0.042593
2 0.814974 0.030093 0.065365 0.057407
2 0.825000 0.161806 0.112500 0.080093
2 0.938021 0.208796 0.122917 0.091667
2 0.703906 0.310648 0.081250 0.131481
2 0.668620 0.424074 0.107031 0.173148
2 0.596484 0.369676 0.085156 0.098611
2 0.507943 0.473611 0.098177 0.183333
2 0.027995 0.814583 0.055990 0.124537
2 0.304948 0.588657 0.048958 0.067130
2 0.446875 0.387037 0.066146 0.115741
2 0.367708 0.587731 0.058854 0.080093
2 0.211979 0.765278 0.072396 0.123148
2 0.291667 0.728241 0.056250 0.062963
2 0.417057 0.693056 0.064323 0.196296
2 0.356380 0.750231 0.055469 0.127315
2 0.294922 0.815278 0.077344 0.123148
2 0.338802 0.851852 0.044271 0.110185
2 0.347917 0.922685 0.040104 0.154630
2 0.129948 0.958565 0.059375 0.082870
2 0.035026 0.937037 0.065885 0.125926
2 0.280859 0.939815 0.089323 0.120370
1 0.521354 0.639352 0.092708 0.286111
3 0.175391 0.598611 0.049219 0.058333
2 0.112630 0.430787 0.055469 0.051389
2 0.590495 0.237037 0.060156 0.078704