2 0.181510 0.520602 0.058333 0.069907
2 0.496224 0.077083 0.080990 0.133796
2 0.382422 0.184028 0.053385 0.080093
2 0.379688 0.365509 0.057813 0.082870
2 0.423307 0.405556 0.053385 0.125000
2 0.486589 0.435880 0.098698 0.166204
2 0.683333 0.072685 0.096354 0.139815
2 0.715234 0.246065 0.101302 0.166204
2 0.820052 0.167824 0.144792 0.165278
2 0.678776 0.563194 0.095573 0.144907
2 0.742057 0.677546 0.094010 0.183796
3 0.688151 0.784028 0.073698 0.108796
3 0.274089 0.705556 0.067448 0.060185
2 0.326562 0.776389 0.062500 0.111111