2 0.167969 0.482176 0.050521 0.066204
2 0.354687 0.187963 0.050000 0.075000
2 0.450130 0.080787 0.065885 0.118981
2 0.354297 0.343519 0.049219 0.078704
2 0.392969 0.354861 0.042188 0.104167
2 0.444401 0.381250 0.074740 0.126389
2 0.602734 0.070139 0.077344 0.137500
2 0.706510 0.165278 0.128646 0.120370
2 0.623177 0.223380 0.080208 0.133796
2 0.597786 0.481944 0.070052 0.122222
2 0.643229 0.556944 0.068229 0.139815
3 0.258594 0.621991 0.057813 0.055093
2 0.306771 0.666435 0.054167 0.071759
3 0.602474 0.652083 0.057031 0.072685
2 0.889193 0.568981 0.087240 0.086111
2 0.871224 0.673148 0.104948 0.167593