3 0.097786 0.325926 0.024219 0.018519
1 0.013932 0.332870 0.027865 0.090741
1 0.106771 0.011343 0.028125 0.022685
1 0.181250 0.176620 0.065625 0.047685
1 0.465234 0.216435 0.102865 0.058796
3 0.008464 0.719213 0.016927 0.055093
3 0.227734 0.312500 0.052344 0.033333
3 0.232552 0.193750 0.016667 0.023611
3 0.138932 0.386111 0.016406 0.035185
3 0.176693 0.388657 0.060677 0.081944
3 0.339323 0.494676 0.031771 0.056019
3 0.512760 0.537269 0.066667 0.081019
3 0.520573 0.580787 0.068750 0.089352
3 0.293880 0.864120 0.085677 0.131019
3 0.708203 0.215741 0.045573 0.037963
3 0.184375 0.220139 0.038542 0.017130
3 0.114062 0.512269 0.052604 0.040278
3 0.431380 0.359722 0.041927 0.051852