3 0.021745 0.602315 0.026302 0.017593
3 0.038542 0.798380 0.061458 0.046759
3 0.597526 0.714583 0.028385 0.055093
3 0.445573 0.931019 0.057813 0.094444
3 0.053125 0.699769 0.017188 0.047685
3 0.700521 0.463889 0.048438 0.049074
3 0.251563 0.872685 0.036458 0.072222
3 0.183984 0.423380 0.020052 0.019907
3 0.163281 0.597222 0.055729 0.041667
3 0.742578 0.150926 0.041406 0.052778
3 0.372917 0.670139 0.042188 0.065278
3 0.442448 0.973148 0.072396 0.053704
3 0.089323 0.706481 0.068750 0.107407
1 0.129948 0.393519 0.060417 0.064815
1 0.434115 0.477315 0.098437 0.068519
3 0.199089 0.131944 0.035156 0.026852
1 0.092708 0.155787 0.042708 0.050463