0 0.036849 0.007870 0.021094 0.015741
0 0.013542 0.012500 0.024479 0.023148
0 0.023568 0.168981 0.016406 0.029630
0 0.036589 0.177315 0.014844 0.017593
0 0.056771 0.178009 0.015625 0.018981
0 0.074609 0.171528 0.015885 0.031944
0 0.094141 0.146065 0.016927 0.031944
0 0.073047 0.129861 0.015885 0.027315
0 0.134245 0.105324 0.017448 0.025463
0 0.075521 0.035417 0.025521 0.033796
0 0.038281 0.039120 0.021875 0.029167
0 0.021615 0.077315 0.014583 0.022222
0 0.023568 0.053704 0.014844 0.019444
0 0.013151 0.040046 0.013802 0.023611
0 0.035417 0.069907 0.014063 0.020370
0 0.048828 0.062963 0.016406 0.019444
0 0.064062 0.062731 0.018750 0.024537
0 0.052344 0.091435 0.011979 0.021759
0 0.086589 0.067361 0.019010 0.023611
0 0.113281 0.053009 0.027604 0.036574
0 0.136068 0.010185 0.015365 0.020370
2 0.115495 0.021991 0.039323 0.043981
2 0.027214 0.117361 0.014323 0.024537
2 0.008333 0.157176 0.013021 0.037500
2 0.118750 0.121991 0.016146 0.030093
2 0.127734 0.165972 0.023698 0.042130
2 0.101562 0.171296 0.016146 0.030556
2 0.054557 0.115741 0.010677 0.019444
1 0.092318 0.090741 0.022135 0.020370
1 0.106510 0.091667 0.014583 0.040741
1 0.041016 0.158796 0.010156 0.027778