1 0.508984 0.309491 0.109115 0.076389
1 0.168490 0.302546 0.077083 0.055093
3 0.739583 0.261574 0.053125 0.041667
3 0.235286 0.316204 0.017969 0.025926
3 0.179557 0.395833 0.038802 0.027778
3 0.267708 0.474769 0.051042 0.043981
3 0.436328 0.697917 0.030990 0.075463
3 0.170573 0.778009 0.055208 0.069907
3 0.652604 0.759722 0.073958 0.109259
3 0.631250 0.705324 0.069792 0.107870
3 0.506120 0.495139 0.045573 0.057870
3 0.220182 0.593750 0.064844 0.107870
3 0.181510 0.574306 0.042708 0.093056
3 0.101302 0.522685 0.036458 0.029630
1 0.022266 0.065741 0.044531 0.061111
1 0.011849 0.571065 0.023698 0.108796