1 0.111328 0.312731 0.033073 0.069907
3 0.171615 0.509954 0.044792 0.040278
1 0.268750 0.187731 0.054688 0.047685
1 0.528255 0.277083 0.097656 0.059722
3 0.684635 0.490278 0.031771 0.033333
3 0.792839 0.313889 0.048177 0.037963
3 0.858333 0.062037 0.040104 0.056481
3 0.042188 0.683102 0.051562 0.073611
3 0.366927 0.540972 0.031771 0.049537
3 0.300130 0.330324 0.038802 0.031944
3 0.312891 0.212037 0.015885 0.011111
3 0.182682 0.320370 0.024219 0.007407
3 0.209115 0.390972 0.015104 0.035648
3 0.237760 0.400000 0.054688 0.075926
3 0.474219 0.421065 0.036458 0.054167
3 0.527865 0.629861 0.061458 0.086574
3 0.269531 0.889583 0.059896 0.101389
3 0.528516 0.681944 0.066927 0.093519