2 0.072786 0.024306 0.012240 0.013426
2 0.070964 0.050463 0.012240 0.018519
1 0.102865 0.140278 0.033854 0.025000
2 0.048568 0.113889 0.013281 0.025000
2 0.085286 0.101157 0.023698 0.026389
2 0.107031 0.106250 0.023438 0.039352
2 0.103906 0.156713 0.022396 0.031019
2 0.014974 0.163889 0.029948 0.047222
0 0.109635 0.012963 0.009896 0.012963
0 0.160547 0.016435 0.008073 0.008796
0 0.173828 0.037963 0.011198 0.012037
0 0.118099 0.035417 0.009115 0.014352
0 0.132161 0.059259 0.009635 0.017593
0 0.103125 0.046065 0.013021 0.018981
0 0.091667 0.062037 0.009375 0.012037
0 0.085938 0.083565 0.014063 0.020833
0 0.073438 0.152315 0.016146 0.024074
0 0.097005 0.116204 0.021094 0.032407
0 0.131120 0.146065 0.017448 0.026389
1 0.090234 0.027083 0.023177 0.019907
1 0.139844 0.016204 0.020313 0.026852