0 0.107161 0.036111 0.012240 0.025000
0 0.131901 0.042593 0.015885 0.028704
0 0.120052 0.053241 0.017188 0.031481
0 0.133594 0.069907 0.014583 0.027778
0 0.147786 0.042824 0.014323 0.029167
0 0.149740 0.073611 0.010417 0.018519
0 0.147917 0.093287 0.011458 0.018981
0 0.162240 0.100000 0.016146 0.030556
0 0.172526 0.118750 0.017448 0.030093
0 0.164844 0.052778 0.016667 0.035185
0 0.177604 0.073611 0.011458 0.028704
0 0.092969 0.161574 0.019271 0.035185
2 0.112500 0.127315 0.019792 0.034259
2 0.042448 0.186343 0.023438 0.048611