0 0.870313 0.672222 0.026042 0.035185
0 0.942969 0.568056 0.024479 0.035185
0 0.882422 0.601389 0.020573 0.041667
0 0.815495 0.626389 0.019010 0.036111
0 0.615885 0.598380 0.025521 0.037500
0 0.694010 0.645833 0.035417 0.057407
0 0.560937 0.896296 0.090104 0.155556
0 0.388802 0.870602 0.050000 0.091204
0 0.482812 0.603472 0.056250 0.105093
0 0.439714 0.598843 0.030990 0.073611
0 0.369401 0.630787 0.078906 0.112500
0 0.304167 0.631481 0.055729 0.088889
0 0.403516 0.346759 0.017448 0.035185
0 0.313281 0.282639 0.026042 0.044907
0 0.081380 0.387269 0.043490 0.066204
0 0.505990 0.451157 0.025521 0.038426
0 0.580599 0.458796 0.022656 0.046296
0 0.531380 0.508102 0.016927 0.044907