0 0.323047 0.314352 0.049740 0.099074
2 0.766927 0.921991 0.061458 0.114352
2 0.832031 0.728241 0.040625 0.080556
2 0.883984 0.595370 0.045573 0.061111
2 0.962500 0.518750 0.059375 0.063426
2 0.861979 0.392824 0.041667 0.056944
2 0.847005 0.348611 0.037760 0.046296
2 0.533203 0.672222 0.048177 0.081481
2 0.377734 0.640972 0.016927 0.073611
2 0.615104 0.339352 0.040104 0.064815
2 0.455599 0.334259 0.017448 0.030556
2 0.313672 0.459028 0.050781 0.066204
2 0.316536 0.175926 0.022656 0.062963
2 0.233464 0.230556 0.031510 0.075000
2 0.131641 0.297454 0.046094 0.080093