1 0.518229 0.021759 0.025521 0.043519
3 0.642969 0.480556 0.039062 0.031481
3 0.590104 0.653472 0.052083 0.057870
3 0.536849 0.480324 0.065365 0.110648
1 0.871615 0.529398 0.185417 0.144907
0 0.818750 0.340278 0.120833 0.172222
0 0.976562 0.564583 0.046875 0.173611
0 0.904687 0.577778 0.101562 0.190741
0 0.731120 0.485185 0.108073 0.189815
0 0.708464 0.645370 0.121094 0.195370
0 0.816276 0.675694 0.105469 0.215278
0 0.846875 0.855093 0.123958 0.213889
0 0.752604 0.855787 0.095833 0.192130
0 0.707161 0.962500 0.100260 0.075000
0 0.633333 0.888426 0.125521 0.223148
2 0.349479 0.790972 0.102083 0.174537